  -2.0000000e+00  -6.8800000e+00
  -1.9665552e+00  -7.0063070e+00
  -1.9331104e+00  -7.1098358e+00
  -1.8996656e+00  -7.1879718e+00
  -1.8662207e+00  -7.2386393e+00
  -1.8327759e+00  -7.2603024e+00
  -1.7993311e+00  -7.2519585e+00
  -1.7658863e+00  -7.2131249e+00
  -1.7324415e+00  -7.1438184e+00
  -1.6989967e+00  -7.0445289e+00
  -1.6655518e+00  -6.9161876e+00
  -1.6321070e+00  -6.7601300e+00
  -1.5986622e+00  -6.5780557e+00
  -1.5652174e+00  -6.3719834e+00
  -1.5317726e+00  -6.1442051e+00
  -1.4983278e+00  -5.8972368e+00
  -1.4648829e+00  -5.6337694e+00
  -1.4314381e+00  -5.3566190e+00
  -1.3979933e+00  -5.0686774e+00
  -1.3645485e+00  -4.7728640e+00
  -1.3311037e+00  -4.4720799e+00
  -1.2976589e+00  -4.1691636e+00
  -1.2642140e+00  -3.8668506e+00
  -1.2307692e+00  -3.5677358e+00
  -1.1973244e+00  -3.2742402e+00
  -1.1638796e+00  -2.9885816e+00
  -1.1304348e+00  -2.7127499e+00
  -1.0969900e+00  -2.4484871e+00
  -1.0635452e+00  -2.1972718e+00
  -1.0301003e+00  -1.9603093e+00
  -9.9665552e-01  -1.7385252e+00
  -9.6321070e-01  -1.5325652e+00
  -9.2976589e-01  -1.3427981e+00
  -8.9632107e-01  -1.1693238e+00
  -8.6287625e-01  -1.0119853e+00
  -8.2943144e-01  -8.7038360e-01
  -7.9598662e-01  -7.4389702e-01
  -7.6254181e-01  -6.3170231e-01
  -7.2909699e-01  -5.3279866e-01
  -6.9565217e-01  -4.4603356e-01
  -6.6220736e-01  -3.7013002e-01
  -6.2876254e-01  -3.0371480e-01
  -5.9531773e-01  -2.4534707e-01
  -5.6187291e-01  -1.9354707e-01
  -5.2842809e-01  -1.4682431e-01
  -4.9498328e-01  -1.0370488e-01
  -4.6153846e-01  -6.2757401e-02
  -4.2809365e-01  -2.2617327e-02
  -3.9464883e-01   1.7990745e-02
  -3.6120401e-01   6.0233118e-02
  -3.2775920e-01   1.0514956e-01
  -2.9431438e-01   1.5363865e-01
  -2.6086957e-01   2.0644595e-01
  -2.2742475e-01   2.6415531e-01
  -1.9397993e-01   3.2718305e-01
  -1.6053512e-01   3.9577531e-01
  -1.2709030e-01   4.7000837e-01
  -9.3645485e-02   5.4979181e-01
  -6.0200669e-02   6.3487454e-01
  -2.6755853e-02   7.2485330e-01
   6.6889632e-03   8.1918364e-01
   4.0133779e-02   9.1719298e-01
   7.3578595e-02   1.0180955e+00
   1.0702341e-01   1.1210088e+00
   1.4046823e-01   1.2249715e+00
   1.7391304e-01   1.3289620e+00
   2.0735786e-01   1.4319179e+00
   2.4080268e-01   1.5327557e+00
   2.7424749e-01   1.6303904e+00
   3.0769231e-01   1.7237548e+00
   3.4113712e-01   1.8118181e+00
   3.7458194e-01   1.8936039e+00
   4.0802676e-01   1.9682067e+00
   4.4147157e-01   2.0348070e+00
   4.7491639e-01   2.0926853e+00
   5.0836120e-01   2.1412336e+00
   5.4180602e-01   2.1799655e+00
   5.7525084e-01   2.2085239e+00
   6.0869565e-01   2.2266872e+00
   6.4214047e-01   2.2343725e+00
   6.7558528e-01   2.2316372e+00
   7.0903010e-01   2.2186787e+00
   7.4247492e-01   2.1958310e+00
   7.7591973e-01   2.1635608e+00
   8.0936455e-01   2.1224599e+00
   8.4280936e-01   2.0732377e+00
   8.7625418e-01   2.0167108e+00
   9.0969900e-01   1.9537918e+00
   9.4314381e-01   1.8854765e+00
   9.7658863e-01   1.8128305e+00
   1.0100334e+00   1.7369747e+00
   1.0434783e+00   1.6590706e+00
   1.0769231e+00   1.5803043e+00
   1.1103679e+00   1.5018720e+00
   1.1438127e+00   1.4249637e+00
   1.1772575e+00   1.3507485e+00
   1.2107023e+00   1.2803603e+00
   1.2441472e+00   1.2148831e+00
   1.2775920e+00   1.1553388e+00
   1.3110368e+00   1.1026743e+00
   1.3444816e+00   1.0577510e+00
   1.3779264e+00   1.0213348e+00
   1.4113712e+00   9.9408793e-01
   1.4448161e+00   9.7656164e-01
   1.4782609e+00   9.6919095e-01
   1.5117057e+00   9.7229037e-01
   1.5451505e+00   9.8605141e-01
   1.5785953e+00   1.0105415e+00
   1.6120401e+00   1.0457041e+00
   1.6454849e+00   1.0913610e+00
   1.6789298e+00   1.1472149e+00
   1.7123746e+00   1.2128539e+00
   1.7458194e+00   1.2877572e+00
   1.7792642e+00   1.3713017e+00
   1.8127090e+00   1.4627695e+00
   1.8461538e+00   1.5613563e+00
   1.8795987e+00   1.6661808e+00
   1.9130435e+00   1.7762946e+00
   1.9464883e+00   1.8906921e+00
   1.9799331e+00   2.0083218e+00
   2.0133779e+00   2.1280967e+00
   2.0468227e+00   2.2489062e+00
   2.0802676e+00   2.3696266e+00
   2.1137124e+00   2.4891326e+00
   2.1471572e+00   2.6063085e+00
   2.1806020e+00   2.7200586e+00
   2.2140468e+00   2.8293183e+00
   2.2474916e+00   2.9330636e+00
   2.2809365e+00   3.0303215e+00
   2.3143813e+00   3.1201787e+00
   2.3478261e+00   3.2017905e+00
   2.3812709e+00   3.2743893e+00
   2.4147157e+00   3.3372916e+00
   2.4481605e+00   3.3899053e+00
   2.4816054e+00   3.4317358e+00
   2.5150502e+00   3.4623916e+00
   2.5484950e+00   3.4815893e+00
   2.5819398e+00   3.4891578e+00
   2.6153846e+00   3.4850412e+00
   2.6488294e+00   3.4693024e+00
   2.6822742e+00   3.4421240e+00
   2.7157191e+00   3.4038103e+00
   2.7491639e+00   3.3547869e+00
   2.7826087e+00   3.2956004e+00
   2.8160535e+00   3.2269172e+00
   2.8494983e+00   3.1495209e+00
   2.8829431e+00   3.0643091e+00
   2.9163880e+00   2.9722897e+00
   2.9498328e+00   2.8745752e+00
   2.9832776e+00   2.7723768e+00
   3.0167224e+00   2.6669976e+00
   3.0501672e+00   2.5598243e+00
   3.0836120e+00   2.4523180e+00
   3.1170569e+00   2.3460042e+00
   3.1505017e+00   2.2424616e+00
   3.1839465e+00   2.1433101e+00
   3.2173913e+00   2.0501975e+00
   3.2508361e+00   1.9647857e+00
   3.2842809e+00   1.8887356e+00
   3.3177258e+00   1.8236918e+00
   3.3511706e+00   1.7712659e+00
   3.3846154e+00   1.7330199e+00
   3.4180602e+00   1.7104488e+00
   3.4515050e+00   1.7049629e+00
   3.4849498e+00   1.7178699e+00
   3.5183946e+00   1.7503573e+00
   3.5518395e+00   1.8034749e+00
   3.5852843e+00   1.8781174e+00
   3.6187291e+00   1.9750083e+00
   3.6521739e+00   2.0946842e+00
   3.6856187e+00   2.2374803e+00
   3.7190635e+00   2.4035174e+00
   3.7525084e+00   2.5926902e+00
   3.7859532e+00   2.8046580e+00
   3.8193980e+00   3.0388370e+00
   3.8528428e+00   3.2943949e+00
   3.8862876e+00   3.5702483e+00
   3.9197324e+00   3.8650626e+00
   3.9531773e+00   4.1772552e+00
   3.9866221e+00   4.5050006e+00
   4.0200669e+00   4.8462402e+00
   4.0535117e+00   5.1986943e+00
   4.0869565e+00   5.5598772e+00
   4.1204013e+00   5.9271166e+00
   4.1538462e+00   6.2975752e+00
   4.1872910e+00   6.6682762e+00
   4.2207358e+00   7.0361308e+00
   4.2541806e+00   7.3979701e+00
   4.2876254e+00   7.7505780e+00
   4.3210702e+00   8.0907277e+00
   4.3545151e+00   8.4152191e+00
   4.3879599e+00   8.7209189e+00
   4.4214047e+00   9.0048012e+00
   4.4548495e+00   9.2639893e+00
   4.4882943e+00   9.4957975e+00
   4.5217391e+00   9.6977726e+00
   4.5551839e+00   9.8677354e+00
   4.5886288e+00   1.0003820e+01
   4.6220736e+00   1.0104512e+01
   4.6555184e+00   1.0168682e+01
   4.6889632e+00   1.0195621e+01
   4.7224080e+00   1.0185066e+01
   4.7558528e+00   1.0137228e+01
   4.7892977e+00   1.0052806e+01
   4.8227425e+00   9.9330100e+00
   4.8561873e+00   9.7795618e+00
   4.8896321e+00   9.5947038e+00
   4.9230769e+00   9.3811935e+00
   4.9565217e+00   9.1422946e+00
   4.9899666e+00   8.8817602e+00
   5.0234114e+00   8.6038096e+00
   5.0568562e+00   8.3130984e+00
   5.0903010e+00   8.0146815e+00
   5.1237458e+00   7.7139695e+00
   5.1571906e+00   7.4166789e+00
   5.1906355e+00   7.1287758e+00
   5.2240803e+00   6.8564150e+00
   5.2575251e+00   6.6058727e+00
   5.2909699e+00   6.3834762e+00
   5.3244147e+00   6.1955286e+00
   5.3578595e+00   6.0482312e+00
   5.3913043e+00   5.9476042e+00
   5.4247492e+00   5.8994051e+00
   5.4581940e+00   5.9090484e+00
   5.4916388e+00   5.9815250e+00
   5.5250836e+00   6.1213237e+00
   5.5585284e+00   6.3323564e+00
   5.5919732e+00   6.6178864e+00
   5.6254181e+00   6.9804623e+00
   5.6588629e+00   7.4218584e+00
   5.6923077e+00   7.9430213e+00
   5.7257525e+00   8.5440258e+00
   5.7591973e+00   9.2240387e+00
   5.7926421e+00   9.9812935e+00
   5.8260870e+00   1.0813075e+01
   5.8595318e+00   1.1715714e+01
   5.8929766e+00   1.2684597e+01
   5.9264214e+00   1.3714185e+01
   5.9598662e+00   1.4798044e+01
   5.9933110e+00   1.5928890e+01
   6.0267559e+00   1.7098645e+01
   6.0602007e+00   1.8298506e+01
   6.0936455e+00   1.9519023e+01
   6.1270903e+00   2.0750194e+01
   6.1605351e+00   2.1981559e+01
   6.1939799e+00   2.3202316e+01
   6.2274247e+00   2.4401441e+01
   6.2608696e+00   2.5567807e+01
   6.2943144e+00   2.6690323e+01
   6.3277592e+00   2.7758067e+01
   6.3612040e+00   2.8760425e+01
   6.3946488e+00   2.9687234e+01
   6.4280936e+00   3.0528917e+01
   6.4615385e+00   3.1276627e+01
   6.4949833e+00   3.1922378e+01
   6.5284281e+00   3.2459171e+01
   6.5618729e+00   3.2881118e+01
   6.5953177e+00   3.3183552e+01
   6.6287625e+00   3.3363125e+01
   6.6622074e+00   3.3417901e+01
   6.6956522e+00   3.3347422e+01
   6.7290970e+00   3.3152772e+01
   6.7625418e+00   3.2836614e+01
   6.7959866e+00   3.2403214e+01
   6.8294314e+00   3.1858446e+01
   6.8628763e+00   3.1209778e+01
   6.8963211e+00   3.0466234e+01
   6.9297659e+00   2.9638340e+01
   6.9632107e+00   2.8738048e+01
   6.9966555e+00   2.7778643e+01
   7.0301003e+00   2.6774627e+01
   7.0635452e+00   2.5741585e+01
   7.0969900e+00   2.4696036e+01
   7.1304348e+00   2.3655264e+01
   7.1638796e+00   2.2637140e+01
   7.1973244e+00   2.1659922e+01
   7.2307692e+00   2.0742057e+01
   7.2642140e+00   1.9901957e+01
   7.2976589e+00   1.9157789e+01
   7.3311037e+00   1.8527242e+01
   7.3645485e+00   1.8027302e+01
   7.3979933e+00   1.7674031e+01
   7.4314381e+00   1.7482343e+01
   7.4648829e+00   1.7465793e+01
   7.4983278e+00   1.7636368e+01
   7.5317726e+00   1.8004301e+01
   7.5652174e+00   1.8577894e+01
   7.5986622e+00   1.9363355e+01
   7.6321070e+00   2.0364667e+01
   7.6655518e+00   2.1583466e+01
   7.6989967e+00   2.3018955e+01
   7.7324415e+00   2.4667838e+01
   7.7658863e+00   2.6524284e+01
   7.7993311e+00   2.8579921e+01
   7.8327759e+00   3.0823856e+01
   7.8662207e+00   3.3242736e+01
   7.8996656e+00   3.5820826e+01
   7.9331104e+00   3.8540130e+01
   7.9665552e+00   4.1380538e+01
   8.0000000e+00   4.4320000e+01
