   0.0000000e+00   3.1299799e+00
   2.5012506e-02   3.8233518e+00
   5.0025013e-02   3.7586942e+00
   7.5037519e-02   3.7626778e+00
   1.0005003e-01   3.8650056e+00
   1.2506253e-01   4.2016594e+00
   1.5007504e-01   3.4827551e+00
   1.7508754e-01   4.5734272e+00
   2.0010005e-01   4.8911699e+00
   2.2511256e-01   3.7934577e+00
   2.5012506e-01   5.0021804e+00
   2.7513757e-01   5.0353473e+00
   3.0015008e-01   5.4698825e+00
   3.2516258e-01   4.4575258e+00
   3.5017509e-01   5.5666770e+00
   3.7518759e-01   5.2454045e+00
   4.0020010e-01   4.5090371e+00
   4.2521261e-01   4.8339714e+00
   4.5022511e-01   5.6907839e+00
   4.7523762e-01   5.8392481e+00
   5.0025013e-01   4.7785064e+00
   5.2526263e-01   5.4433452e+00
   5.5027514e-01   5.0929449e+00
   5.7528764e-01   6.3412948e+00
   6.0030015e-01   5.3840442e+00
   6.2531266e-01   6.3677161e+00
   6.5032516e-01   5.3890671e+00
   6.7533767e-01   6.5248792e+00
   7.0035018e-01   5.3560794e+00
   7.2536268e-01   6.4151493e+00
   7.5037519e-01   5.1490516e+00
   7.7538769e-01   6.2805875e+00
   8.0040020e-01   6.1712614e+00
   8.2541271e-01   5.8448021e+00
   8.5042521e-01   5.5583686e+00
   8.7543772e-01   6.6225440e+00
   9.0045023e-01   5.4399963e+00
   9.2546273e-01   6.0589687e+00
   9.5047524e-01   5.1766659e+00
   9.7548774e-01   5.4716765e+00
   1.0005003e+00   5.9827664e+00
   1.0255128e+00   6.5788864e+00
   1.0505253e+00   5.2917504e+00
   1.0755378e+00   6.2923888e+00
   1.1005503e+00   6.1644811e+00
   1.1255628e+00   4.9679391e+00
   1.1505753e+00   5.6965679e+00
   1.1755878e+00   6.4550744e+00
   1.2006003e+00   4.9439130e+00
   1.2256128e+00   5.9376163e+00
   1.2506253e+00   5.7025170e+00
   1.2756378e+00   5.5719236e+00
   1.3006503e+00   5.3642729e+00
   1.3256628e+00   5.4273070e+00
   1.3506753e+00   5.1610616e+00
   1.3756878e+00   4.5760695e+00
   1.4007004e+00   4.8875470e+00
   1.4257129e+00   5.2916190e+00
   1.4507254e+00   5.3929680e+00
   1.4757379e+00   5.8541452e+00
   1.5007504e+00   5.9363365e+00
   1.5257629e+00   4.5743624e+00
   1.5507754e+00   5.4902648e+00
   1.5757879e+00   5.4345183e+00
   1.6008004e+00   5.2746754e+00
   1.6258129e+00   5.1375169e+00
   1.6508254e+00   5.3893652e+00
   1.6758379e+00   5.7779064e+00
   1.7008504e+00   6.3363773e+00
   1.7258629e+00   4.9499207e+00
   1.7508754e+00   6.2386570e+00
   1.7758879e+00   5.9692013e+00
   1.8009005e+00   6.6255094e+00
   1.8259130e+00   5.2663847e+00
   1.8509255e+00   5.6911621e+00
   1.8759380e+00   5.3234266e+00
   1.9009505e+00   6.2392797e+00
   1.9259630e+00   6.8164914e+00
   1.9509755e+00   5.9656027e+00
   1.9759880e+00   5.9169250e+00
   2.0010005e+00   6.1799736e+00
   2.0260130e+00   6.4721463e+00
   2.0510255e+00   7.0829991e+00
   2.0760380e+00   6.6726139e+00
   2.1010505e+00   6.4506919e+00
   2.1260630e+00   7.5290411e+00
   2.1510755e+00   7.6709302e+00
   2.1760880e+00   7.0026578e+00
   2.2011006e+00   6.0032198e+00
   2.2261131e+00   6.9860831e+00
   2.2511256e+00   6.5025420e+00
   2.2761381e+00   7.7168962e+00
   2.3011506e+00   6.2784223e+00
   2.3261631e+00   7.0977155e+00
   2.3511756e+00   6.7271986e+00
   2.3761881e+00   6.0159409e+00
   2.4012006e+00   6.9658298e+00
   2.4262131e+00   5.6698687e+00
   2.4512256e+00   5.8968648e+00
   2.4762381e+00   5.5887951e+00
   2.5012506e+00   7.1679752e+00
   2.5262631e+00   7.0286038e+00
   2.5512756e+00   5.6038072e+00
   2.5762881e+00   6.1081097e+00
   2.6013007e+00   5.5133463e+00
   2.6263132e+00   6.2982449e+00
   2.6513257e+00   6.9274468e+00
   2.6763382e+00   5.5990803e+00
   2.7013507e+00   6.8505468e+00
   2.7263632e+00   5.6348867e+00
   2.7513757e+00   5.3147760e+00
   2.7763882e+00   6.0279153e+00
   2.8014007e+00   6.4580047e+00
   2.8264132e+00   5.7666376e+00
   2.8514257e+00   4.7474678e+00
   2.8764382e+00   5.1540335e+00
   2.9014507e+00   4.7203179e+00
   2.9264632e+00   4.7139837e+00
   2.9514757e+00   4.3307870e+00
   2.9764882e+00   5.4595711e+00
   3.0015008e+00   5.1527925e+00
   3.0265133e+00   4.4195475e+00
   3.0515258e+00   4.8915634e+00
   3.0765383e+00   4.6256384e+00
   3.1015508e+00   4.2966137e+00
   3.1265633e+00   3.8628459e+00
   3.1515758e+00   3.6710953e+00
   3.1765883e+00   3.2226349e+00
   3.2016008e+00   3.3529719e+00
   3.2266133e+00   3.4155587e+00
   3.2516258e+00   3.1778712e+00
   3.2766383e+00   3.2038770e+00
   3.3016508e+00   2.9413766e+00
   3.3266633e+00   3.0594610e+00
   3.3516758e+00   2.3470671e+00
   3.3766883e+00   2.5244600e+00
   3.4017009e+00   2.5100990e+00
   3.4267134e+00   2.1261645e+00
   3.4517259e+00   2.3346469e+00
   3.4767384e+00   1.8896777e+00
   3.5017509e+00   2.1665642e+00
   3.5267634e+00   2.2773284e+00
   3.5517759e+00   2.0232620e+00
   3.5767884e+00   1.9563847e+00
   3.6018009e+00   1.7653543e+00
   3.6268134e+00   1.6857693e+00
   3.6518259e+00   2.1151316e+00
   3.6768384e+00   2.1483409e+00
   3.7018509e+00   1.8670050e+00
   3.7268634e+00   1.7819934e+00
   3.7518759e+00   1.9682565e+00
   3.7768884e+00   2.2854494e+00
   3.8019010e+00   2.3367084e+00
   3.8269135e+00   2.2685234e+00
   3.8519260e+00   2.5094444e+00
   3.8769385e+00   2.5483918e+00
   3.9019510e+00   2.0268715e+00
   3.9269635e+00   2.4399419e+00
   3.9519760e+00   2.3629081e+00
   3.9769885e+00   2.1003503e+00
   4.0020010e+00   2.7407526e+00
   4.0270135e+00   2.4767592e+00
   4.0520260e+00   2.7085580e+00
   4.0770385e+00   2.1927837e+00
   4.1020510e+00   2.3611986e+00
   4.1270635e+00   2.6697457e+00
   4.1520760e+00   2.2793859e+00
   4.1770885e+00   2.6697211e+00
   4.2021011e+00   2.4727895e+00
   4.2271136e+00   2.7589147e+00
   4.2521261e+00   2.6624952e+00
   4.2771386e+00   2.4429929e+00
   4.3021511e+00   2.3666695e+00
   4.3271636e+00   2.3802786e+00
   4.3521761e+00   2.7926987e+00
   4.3771886e+00   2.4280379e+00
   4.4022011e+00   2.3967468e+00
   4.4272136e+00   2.3835351e+00
   4.4522261e+00   2.7142497e+00
   4.4772386e+00   2.1720855e+00
   4.5022511e+00   2.6191073e+00
   4.5272636e+00   1.9920473e+00
   4.5522761e+00   2.1955858e+00
   4.5772886e+00   2.4648557e+00
   4.6023012e+00   2.1534964e+00
   4.6273137e+00   2.3166628e+00
   4.6523262e+00   2.1817218e+00
   4.6773387e+00   1.8661482e+00
   4.7023512e+00   2.2248728e+00
   4.7273637e+00   2.1964968e+00
   4.7523762e+00   2.1939952e+00
   4.7773887e+00   1.9677294e+00
   4.8024012e+00   2.0229733e+00
   4.8274137e+00   2.1052940e+00
   4.8524262e+00   2.1647086e+00
   4.8774387e+00   1.6366443e+00
   4.9024512e+00   1.6129654e+00
   4.9274637e+00   1.8543463e+00
   4.9524762e+00   1.8463606e+00
   4.9774887e+00   1.8832762e+00
   5.0025013e+00   1.3942443e+00
   5.0275138e+00   1.4345078e+00
   5.0525263e+00   1.4917329e+00
   5.0775388e+00   1.2862484e+00
   5.1025513e+00   1.3904383e+00
   5.1275638e+00   1.0976974e+00
   5.1525763e+00   9.6843923e-01
   5.1775888e+00   1.0588641e+00
   5.2026013e+00   8.4497469e-01
   5.2276138e+00   9.4651038e-01
   5.2526263e+00   8.4032011e-01
   5.2776388e+00   6.9900272e-01
   5.3026513e+00   5.5937048e-01
   5.3276638e+00   5.4368230e-01
   5.3526763e+00   5.2752811e-01
   5.3776888e+00   5.9360701e-01
   5.4027014e+00   5.2797365e-01
   5.4277139e+00   4.7501504e-01
   5.4527264e+00   4.7049393e-01
   5.4777389e+00   5.0606772e-01
   5.5027514e+00   6.0680684e-01
   5.5277639e+00   6.5236904e-01
   5.5527764e+00   6.2896461e-01
   5.5777889e+00   7.1550372e-01
   5.6028014e+00   8.1173117e-01
   5.6278139e+00   7.2423008e-01
   5.6528264e+00   9.5932890e-01
   5.6778389e+00   8.9921170e-01
   5.7028514e+00   1.1249000e+00
   5.7278639e+00   1.2575176e+00
   5.7528764e+00   1.1944894e+00
   5.7778889e+00   1.3247604e+00
   5.8029015e+00   1.8675905e+00
   5.8279140e+00   1.8112817e+00
   5.8529265e+00   1.8534314e+00
   5.8779390e+00   1.9843029e+00
   5.9029515e+00   1.9755942e+00
   5.9279640e+00   2.0962046e+00
   5.9529765e+00   2.3652735e+00
   5.9779890e+00   2.4782946e+00
   6.0030015e+00   2.9660290e+00
   6.0280140e+00   2.8439173e+00
   6.0530265e+00   2.9411348e+00
   6.0780390e+00   2.7433475e+00
   6.1030515e+00   3.5611497e+00
   6.1280640e+00   3.4648234e+00
   6.1530765e+00   3.7288123e+00
   6.1780890e+00   3.6418627e+00
   6.2031016e+00   4.0812553e+00
   6.2281141e+00   4.1689291e+00
   6.2531266e+00   3.4415426e+00
   6.2781391e+00   3.9340801e+00
   6.3031516e+00   4.1249907e+00
   6.3281641e+00   3.9235282e+00
   6.3531766e+00   4.4064129e+00
   6.3781891e+00   3.6723333e+00
   6.4032016e+00   3.6424085e+00
   6.4282141e+00   3.5404758e+00
   6.4532266e+00   3.7765650e+00
   6.4782391e+00   4.3120711e+00
   6.5032516e+00   4.3336542e+00
   6.5282641e+00   4.2196036e+00
   6.5532766e+00   4.1678038e+00
   6.5782891e+00   3.8009585e+00
   6.6033017e+00   4.9381775e+00
   6.6283142e+00   4.7439170e+00
   6.6533267e+00   4.5243137e+00
   6.6783392e+00   4.2776430e+00
   6.7033517e+00   5.0926539e+00
   6.7283642e+00   5.1550346e+00
   6.7533767e+00   5.2238195e+00
   6.7783892e+00   4.6994239e+00
   6.8034017e+00   5.4346925e+00
   6.8284142e+00   5.2613448e+00
   6.8534267e+00   4.1732703e+00
   6.8784392e+00   4.3996673e+00
   6.9034517e+00   5.2217346e+00
   6.9284642e+00   4.6187162e+00
   6.9534767e+00   4.6842377e+00
   6.9784892e+00   5.3422254e+00
   7.0035018e+00   5.3235131e+00
   7.0285143e+00   5.0018936e+00
   7.0535268e+00   4.6921673e+00
   7.0785393e+00   5.1082838e+00
   7.1035518e+00   4.4839218e+00
   7.1285643e+00   3.9913893e+00
   7.1535768e+00   4.1512194e+00
   7.1785893e+00   4.0591001e+00
   7.2036018e+00   4.3413088e+00
   7.2286143e+00   3.6651887e+00
   7.2536268e+00   3.6214011e+00
   7.2786393e+00   3.6994923e+00
   7.3036518e+00   4.6120916e+00
   7.3286643e+00   4.4038047e+00
   7.3536768e+00   4.2485232e+00
   7.3786893e+00   4.5324540e+00
   7.4037019e+00   4.5478719e+00
   7.4287144e+00   4.5270010e+00
   7.4537269e+00   3.5371915e+00
   7.4787394e+00   4.5097568e+00
   7.5037519e+00   4.0233233e+00
   7.5287644e+00   3.5057957e+00
   7.5537769e+00   3.8324733e+00
   7.5787894e+00   4.6015491e+00
   7.6038019e+00   4.5944705e+00
   7.6288144e+00   3.6113587e+00
   7.6538269e+00   4.5049326e+00
   7.6788394e+00   4.8091439e+00
   7.7038519e+00   4.1555008e+00
   7.7288644e+00   3.9951093e+00
   7.7538769e+00   4.3631122e+00
   7.7788894e+00   4.2284791e+00
   7.8039020e+00   4.8823794e+00
   7.8289145e+00   4.8908439e+00
   7.8539270e+00   4.9366749e+00
   7.8789395e+00   5.8298174e+00
   7.9039520e+00   5.1990771e+00
   7.9289645e+00   5.0731440e+00
   7.9539770e+00   4.7714465e+00
   7.9789895e+00   5.1367063e+00
   8.0040020e+00   5.2478518e+00
   8.0290145e+00   4.9562022e+00
   8.0540270e+00   6.1971618e+00
   8.0790395e+00   5.0345212e+00
   8.1040520e+00   6.1630188e+00
   8.1290645e+00   5.8491491e+00
   8.1540770e+00   5.6021960e+00
   8.1790895e+00   6.3739816e+00
   8.2041021e+00   5.7951043e+00
   8.2291146e+00   5.4181788e+00
   8.2541271e+00   6.2332671e+00
   8.2791396e+00   5.5588636e+00
   8.3041521e+00   6.8998551e+00
   8.3291646e+00   6.5005647e+00
   8.3541771e+00   6.8365512e+00
   8.3791896e+00   6.6739487e+00
   8.4042021e+00   6.7481297e+00
   8.4292146e+00   6.4147536e+00
   8.4542271e+00   6.5444265e+00
   8.4792396e+00   6.4881011e+00
   8.5042521e+00   5.7941257e+00
   8.5292646e+00   6.1612411e+00
   8.5542771e+00   6.7621591e+00
   8.5792896e+00   5.2475099e+00
   8.6043022e+00   6.0307474e+00
   8.6293147e+00   5.8792291e+00
   8.6543272e+00   6.6910847e+00
   8.6793397e+00   6.1625100e+00
   8.7043522e+00   6.7440716e+00
   8.7293647e+00   5.9951203e+00
   8.7543772e+00   6.3884378e+00
   8.7793897e+00   5.6876123e+00
   8.8044022e+00   5.7579906e+00
   8.8294147e+00   5.0740544e+00
   8.8544272e+00   5.7655308e+00
   8.8794397e+00   6.2217012e+00
   8.9044522e+00   5.4322872e+00
   8.9294647e+00   5.2530031e+00
   8.9544772e+00   5.6437600e+00
   8.9794897e+00   4.4611134e+00
   9.0045023e+00   5.5394162e+00
   9.0295148e+00   4.1328073e+00
   9.0545273e+00   4.7510764e+00
   9.0795398e+00   4.8566253e+00
   9.1045523e+00   4.5700600e+00
   9.1295648e+00   4.3230228e+00
   9.1545773e+00   3.9920644e+00
   9.1795898e+00   4.2116177e+00
   9.2046023e+00   4.4459919e+00
   9.2296148e+00   4.0358065e+00
   9.2546273e+00   4.1958965e+00
   9.2796398e+00   3.1476799e+00
   9.3046523e+00   3.4728707e+00
   9.3296648e+00   2.9593104e+00
   9.3546773e+00   3.2927180e+00
   9.3796898e+00   3.3329451e+00
   9.4047024e+00   2.7445158e+00
   9.4297149e+00   3.2431417e+00
   9.4547274e+00   2.8402147e+00
   9.4797399e+00   3.2182484e+00
   9.5047524e+00   2.6676612e+00
   9.5297649e+00   2.4308248e+00
   9.5547774e+00   2.5445396e+00
   9.5797899e+00   2.4215870e+00
   9.6048024e+00   3.1420076e+00
   9.6298149e+00   2.3747859e+00
   9.6548274e+00   2.4734770e+00
   9.6798399e+00   2.4110124e+00
   9.7048524e+00   2.6155369e+00
   9.7298649e+00   2.4751378e+00
   9.7548774e+00   3.0729387e+00
   9.7798899e+00   3.0134314e+00
   9.8049025e+00   2.8195474e+00
   9.8299150e+00   2.8235061e+00
   9.8549275e+00   2.7781379e+00
   9.8799400e+00   3.0972629e+00
   9.9049525e+00   2.7967404e+00
   9.9299650e+00   3.4388923e+00
   9.9549775e+00   3.3667466e+00
   9.9799900e+00   3.2390874e+00
   1.0005003e+01   3.7368826e+00
   1.0030015e+01   3.8801632e+00
   1.0055028e+01   3.3032882e+00
   1.0080040e+01   3.6020476e+00
   1.0105053e+01   3.5536798e+00
   1.0130065e+01   3.4576641e+00
   1.0155078e+01   4.0154373e+00
   1.0180090e+01   4.1824036e+00
   1.0205103e+01   3.7964614e+00
   1.0230115e+01   3.3076548e+00
   1.0255128e+01   3.2398398e+00
   1.0280140e+01   3.7324040e+00
   1.0305153e+01   3.4468655e+00
   1.0330165e+01   3.3681725e+00
   1.0355178e+01   3.6581261e+00
   1.0380190e+01   3.2422076e+00
   1.0405203e+01   3.7575481e+00
   1.0430215e+01   3.0734750e+00
   1.0455228e+01   3.0322046e+00
   1.0480240e+01   3.2787359e+00
   1.0505253e+01   3.0394520e+00
   1.0530265e+01   3.8734995e+00
   1.0555278e+01   3.7917775e+00
   1.0580290e+01   3.3039569e+00
   1.0605303e+01   3.0498672e+00
   1.0630315e+01   3.2898145e+00
   1.0655328e+01   3.2487336e+00
   1.0680340e+01   3.5299046e+00
   1.0705353e+01   3.1798401e+00
   1.0730365e+01   3.6761253e+00
   1.0755378e+01   3.5953321e+00
   1.0780390e+01   3.5865166e+00
   1.0805403e+01   2.9697770e+00
   1.0830415e+01   2.8713103e+00
   1.0855428e+01   3.3591354e+00
   1.0880440e+01   2.6941812e+00
   1.0905453e+01   2.5671136e+00
   1.0930465e+01   2.8349884e+00
   1.0955478e+01   3.0772622e+00
   1.0980490e+01   2.5867567e+00
   1.1005503e+01   2.3612523e+00
   1.1030515e+01   2.1788776e+00
   1.1055528e+01   2.7155916e+00
   1.1080540e+01   2.3811739e+00
   1.1105553e+01   2.1330784e+00
   1.1130565e+01   2.2227664e+00
   1.1155578e+01   2.1985567e+00
   1.1180590e+01   1.8295024e+00
   1.1205603e+01   1.9379185e+00
   1.1230615e+01   1.5867495e+00
   1.1255628e+01   1.8829724e+00
   1.1280640e+01   1.6742991e+00
   1.1305653e+01   1.3498855e+00
   1.1330665e+01   1.4081169e+00
   1.1355678e+01   1.4289087e+00
   1.1380690e+01   1.4956102e+00
   1.1405703e+01   1.2967146e+00
   1.1430715e+01   1.3044073e+00
   1.1455728e+01   1.3064009e+00
   1.1480740e+01   1.3896674e+00
   1.1505753e+01   1.1096925e+00
   1.1530765e+01   1.2204540e+00
   1.1555778e+01   1.2125216e+00
   1.1580790e+01   1.4019472e+00
   1.1605803e+01   1.5370165e+00
   1.1630815e+01   1.4328557e+00
   1.1655828e+01   1.6457937e+00
   1.1680840e+01   1.5041362e+00
   1.1705853e+01   1.6987903e+00
   1.1730865e+01   1.7084582e+00
   1.1755878e+01   2.0889461e+00
   1.1780890e+01   2.0745884e+00
   1.1805903e+01   2.2822324e+00
   1.1830915e+01   1.9309954e+00
   1.1855928e+01   2.1449157e+00
   1.1880940e+01   2.6005217e+00
   1.1905953e+01   2.3019701e+00
   1.1930965e+01   2.2566248e+00
   1.1955978e+01   2.6754465e+00
   1.1980990e+01   3.1982717e+00
   1.2006003e+01   2.7149408e+00
   1.2031016e+01   3.0776817e+00
   1.2056028e+01   2.9696206e+00
   1.2081041e+01   2.7288041e+00
   1.2106053e+01   3.2547945e+00
   1.2131066e+01   3.6486048e+00
   1.2156078e+01   3.1402824e+00
   1.2181091e+01   2.9728434e+00
   1.2206103e+01   3.2272589e+00
   1.2231116e+01   3.7095846e+00
   1.2256128e+01   3.3968971e+00
   1.2281141e+01   3.7899180e+00
   1.2306153e+01   3.1163724e+00
   1.2331166e+01   3.9193433e+00
   1.2356178e+01   3.5835956e+00
   1.2381191e+01   3.2060310e+00
   1.2406203e+01   3.6426854e+00
   1.2431216e+01   4.0112919e+00
   1.2456228e+01   4.2616083e+00
   1.2481241e+01   4.3496280e+00
   1.2506253e+01   4.3638536e+00
   1.2531266e+01   4.2768777e+00
   1.2556278e+01   4.2522827e+00
   1.2581291e+01   4.1859932e+00
   1.2606303e+01   3.9079701e+00
   1.2631316e+01   3.7535710e+00
   1.2656328e+01   3.4165786e+00
   1.2681341e+01   4.0215076e+00
   1.2706353e+01   4.2545530e+00
   1.2731366e+01   3.5653439e+00
   1.2756378e+01   4.1958503e+00
   1.2781391e+01   3.2979923e+00
   1.2806403e+01   3.6212644e+00
   1.2831416e+01   3.4652661e+00
   1.2856428e+01   3.3006464e+00
   1.2881441e+01   3.7805609e+00
   1.2906453e+01   3.3867086e+00
   1.2931466e+01   4.0092138e+00
   1.2956478e+01   3.4554222e+00
   1.2981491e+01   3.6253214e+00
   1.3006503e+01   2.8203746e+00
   1.3031516e+01   3.3191268e+00
   1.3056528e+01   3.1980629e+00
   1.3081541e+01   3.3101175e+00
   1.3106553e+01   3.0673540e+00
   1.3131566e+01   3.1494898e+00
   1.3156578e+01   3.0527795e+00
   1.3181591e+01   2.3452081e+00
   1.3206603e+01   2.2811198e+00
   1.3231616e+01   2.6187772e+00
   1.3256628e+01   2.0025063e+00
   1.3281641e+01   2.1348309e+00
   1.3306653e+01   1.9867541e+00
   1.3331666e+01   2.1671104e+00
   1.3356678e+01   1.7118906e+00
   1.3381691e+01   2.0314201e+00
   1.3406703e+01   1.9531998e+00
   1.3431716e+01   1.7590370e+00
   1.3456728e+01   1.5675859e+00
   1.3481741e+01   1.4402774e+00
   1.3506753e+01   1.6841367e+00
   1.3531766e+01   1.3738977e+00
   1.3556778e+01   1.3823321e+00
   1.3581791e+01   1.4130554e+00
   1.3606803e+01   1.5731077e+00
   1.3631816e+01   1.6953904e+00
   1.3656828e+01   1.8094810e+00
   1.3681841e+01   1.6635009e+00
   1.3706853e+01   1.4694187e+00
   1.3731866e+01   1.6422382e+00
   1.3756878e+01   1.8587107e+00
   1.3781891e+01   1.9862098e+00
   1.3806903e+01   1.7578745e+00
   1.3831916e+01   1.9231285e+00
   1.3856928e+01   2.1596165e+00
   1.3881941e+01   2.0738635e+00
   1.3906953e+01   2.0809103e+00
   1.3931966e+01   1.9902720e+00
   1.3956978e+01   2.0737469e+00
   1.3981991e+01   2.3486288e+00
   1.4007004e+01   2.0777220e+00
   1.4032016e+01   2.1710755e+00
   1.4057029e+01   2.1167690e+00
   1.4082041e+01   2.3242151e+00
   1.4107054e+01   2.2439959e+00
   1.4132066e+01   2.2852790e+00
   1.4157079e+01   2.1591559e+00
   1.4182091e+01   2.0718792e+00
   1.4207104e+01   2.0879730e+00
   1.4232116e+01   1.7928951e+00
   1.4257129e+01   1.9596802e+00
   1.4282141e+01   2.2361776e+00
   1.4307154e+01   2.0621525e+00
   1.4332166e+01   1.9652295e+00
   1.4357179e+01   1.9126821e+00
   1.4382191e+01   1.8311208e+00
   1.4407204e+01   1.7929040e+00
   1.4432216e+01   1.6730522e+00
   1.4457229e+01   1.6774986e+00
   1.4482241e+01   1.2221236e+00
   1.4507254e+01   1.2569701e+00
   1.4532266e+01   1.2060186e+00
   1.4557279e+01   1.0366881e+00
   1.4582291e+01   8.8178034e-01
   1.4607304e+01   1.0593294e+00
   1.4632316e+01   8.8372773e-01
   1.4657329e+01   6.4770711e-01
   1.4682341e+01   5.5182365e-01
   1.4707354e+01   5.3660111e-01
   1.4732366e+01   3.7548089e-01
   1.4757379e+01   2.3403889e-01
   1.4782391e+01   1.3752830e-01
   1.4807404e+01   7.6806149e-03
   1.4832416e+01  -1.4202456e-01
   1.4857429e+01  -3.1136441e-01
   1.4882441e+01  -3.6430374e-01
   1.4907454e+01  -6.1316815e-01
   1.4932466e+01  -7.9268365e-01
   1.4957479e+01  -8.5629657e-01
   1.4982491e+01  -1.2168571e+00
   1.5007504e+01  -1.2083008e+00
   1.5032516e+01  -1.2682641e+00
   1.5057529e+01  -1.4689840e+00
   1.5082541e+01  -2.0396659e+00
   1.5107554e+01  -2.2064949e+00
   1.5132566e+01  -2.4737028e+00
   1.5157579e+01  -2.5786405e+00
   1.5182591e+01  -2.9557512e+00
   1.5207604e+01  -2.4943374e+00
   1.5232616e+01  -3.0145386e+00
   1.5257629e+01  -3.0551258e+00
   1.5282641e+01  -3.4794963e+00
   1.5307654e+01  -4.1121109e+00
   1.5332666e+01  -3.6199264e+00
   1.5357679e+01  -4.1722759e+00
   1.5382691e+01  -3.6204123e+00
   1.5407704e+01  -3.9264977e+00
   1.5432716e+01  -4.9825885e+00
   1.5457729e+01  -4.2406396e+00
   1.5482741e+01  -5.2706117e+00
   1.5507754e+01  -4.6746110e+00
   1.5532766e+01  -5.2770545e+00
   1.5557779e+01  -4.4276626e+00
   1.5582791e+01  -5.5642835e+00
   1.5607804e+01  -5.2720280e+00
   1.5632816e+01  -6.0468166e+00
   1.5657829e+01  -5.0520298e+00
   1.5682841e+01  -5.2373968e+00
   1.5707854e+01  -4.8432880e+00
   1.5732866e+01  -6.2793046e+00
   1.5757879e+01  -5.4259528e+00
   1.5782891e+01  -4.8679037e+00
   1.5807904e+01  -5.9433239e+00
   1.5832916e+01  -5.6093613e+00
   1.5857929e+01  -5.3246752e+00
   1.5882941e+01  -6.0586067e+00
   1.5907954e+01  -6.2166643e+00
   1.5932966e+01  -5.2475320e+00
   1.5957979e+01  -5.7462612e+00
   1.5982991e+01  -5.6010294e+00
   1.6008004e+01  -5.1511010e+00
   1.6033017e+01  -5.9474169e+00
   1.6058029e+01  -6.5734270e+00
   1.6083042e+01  -5.1644361e+00
   1.6108054e+01  -6.6085886e+00
   1.6133067e+01  -6.0430323e+00
   1.6158079e+01  -5.8791611e+00
   1.6183092e+01  -5.4388108e+00
   1.6208104e+01  -5.6734133e+00
   1.6233117e+01  -6.1105466e+00
   1.6258129e+01  -6.3442175e+00
   1.6283142e+01  -6.0821078e+00
   1.6308154e+01  -6.9666090e+00
   1.6333167e+01  -7.2674771e+00
   1.6358179e+01  -7.0680950e+00
   1.6383192e+01  -6.5012530e+00
   1.6408204e+01  -6.9863199e+00
   1.6433217e+01  -7.1510896e+00
   1.6458229e+01  -6.1705775e+00
   1.6483242e+01  -7.0252603e+00
   1.6508254e+01  -6.7147069e+00
   1.6533267e+01  -7.3754478e+00
   1.6558279e+01  -8.2619552e+00
   1.6583292e+01  -7.2158732e+00
   1.6608304e+01  -6.4184133e+00
   1.6633317e+01  -8.5232669e+00
   1.6658329e+01  -8.6118990e+00
   1.6683342e+01  -7.3983895e+00
   1.6708354e+01  -7.2543491e+00
   1.6733367e+01  -8.5903168e+00
   1.6758379e+01  -8.0323351e+00
   1.6783392e+01  -8.2542886e+00
   1.6808404e+01  -8.6581410e+00
   1.6833417e+01  -7.2921159e+00
   1.6858429e+01  -9.3573332e+00
   1.6883442e+01  -9.6625786e+00
   1.6908454e+01  -7.5996514e+00
   1.6933467e+01  -9.6766810e+00
   1.6958479e+01  -9.9841110e+00
   1.6983492e+01  -7.6984223e+00
   1.7008504e+01  -9.2182129e+00
   1.7033517e+01  -9.7074410e+00
   1.7058529e+01  -9.1014155e+00
   1.7083542e+01  -9.9940575e+00
   1.7108554e+01  -1.0471246e+01
   1.7133567e+01  -1.0069675e+01
   1.7158579e+01  -1.0380492e+01
   1.7183592e+01  -9.4489003e+00
   1.7208604e+01  -1.1302014e+01
   1.7233617e+01  -1.0158017e+01
   1.7258629e+01  -1.0925158e+01
   1.7283642e+01  -1.1690931e+01
   1.7308654e+01  -9.9973515e+00
   1.7333667e+01  -1.0516312e+01
   1.7358679e+01  -1.1108352e+01
   1.7383692e+01  -1.0826061e+01
   1.7408704e+01  -9.7195673e+00
   1.7433717e+01  -1.1955855e+01
   1.7458729e+01  -9.6164556e+00
   1.7483742e+01  -1.0981121e+01
   1.7508754e+01  -9.6774995e+00
   1.7533767e+01  -1.2849594e+01
   1.7558779e+01  -1.1314168e+01
   1.7583792e+01  -1.2599578e+01
   1.7608804e+01  -1.0798554e+01
   1.7633817e+01  -1.2434792e+01
   1.7658829e+01  -1.0281106e+01
   1.7683842e+01  -1.2388635e+01
   1.7708854e+01  -1.2261239e+01
   1.7733867e+01  -1.0553223e+01
   1.7758879e+01  -1.1203924e+01
   1.7783892e+01  -1.0924668e+01
   1.7808904e+01  -1.1867555e+01
   1.7833917e+01  -9.6109193e+00
   1.7858929e+01  -8.8612568e+00
   1.7883942e+01  -1.1485052e+01
   1.7908954e+01  -9.3943307e+00
   1.7933967e+01  -9.3299184e+00
   1.7958979e+01  -1.0425697e+01
   1.7983992e+01  -9.3239864e+00
   1.8009005e+01  -1.0768175e+01
   1.8034017e+01  -1.0837171e+01
   1.8059030e+01  -1.0917928e+01
   1.8084042e+01  -9.2351349e+00
   1.8109055e+01  -1.0325164e+01
   1.8134067e+01  -8.4284724e+00
   1.8159080e+01  -9.6751270e+00
   1.8184092e+01  -9.8120408e+00
   1.8209105e+01  -8.0549110e+00
   1.8234117e+01  -9.2251044e+00
   1.8259130e+01  -1.0143958e+01
   1.8284142e+01  -8.3927071e+00
   1.8309155e+01  -8.2690897e+00
   1.8334167e+01  -9.8473070e+00
   1.8359180e+01  -8.8792445e+00
   1.8384192e+01  -7.9242322e+00
   1.8409205e+01  -8.0924841e+00
   1.8434217e+01  -9.1760067e+00
   1.8459230e+01  -8.8832635e+00
   1.8484242e+01  -8.1347902e+00
   1.8509255e+01  -8.9517562e+00
   1.8534267e+01  -9.1500512e+00
   1.8559280e+01  -7.9897234e+00
   1.8584292e+01  -8.2876785e+00
   1.8609305e+01  -8.1216573e+00
   1.8634317e+01  -9.1450765e+00
   1.8659330e+01  -7.4778401e+00
   1.8684342e+01  -9.3691887e+00
   1.8709355e+01  -7.8022906e+00
   1.8734367e+01  -8.2967800e+00
   1.8759380e+01  -8.9749682e+00
   1.8784392e+01  -8.6866447e+00
   1.8809405e+01  -7.3653715e+00
   1.8834417e+01  -8.7007564e+00
   1.8859430e+01  -7.2937918e+00
   1.8884442e+01  -9.3010282e+00
   1.8909455e+01  -9.1563522e+00
   1.8934467e+01  -8.2491805e+00
   1.8959480e+01  -8.6672281e+00
   1.8984492e+01  -9.4209478e+00
   1.9009505e+01  -7.3357001e+00
   1.9034517e+01  -8.9183199e+00
   1.9059530e+01  -9.1378112e+00
   1.9084542e+01  -9.0603212e+00
   1.9109555e+01  -7.6127139e+00
   1.9134567e+01  -8.2478062e+00
   1.9159580e+01  -7.2329452e+00
   1.9184592e+01  -8.0578561e+00
   1.9209605e+01  -7.6035827e+00
   1.9234617e+01  -8.4453353e+00
   1.9259630e+01  -8.7885195e+00
   1.9284642e+01  -9.3823082e+00
   1.9309655e+01  -8.4370335e+00
   1.9334667e+01  -8.7414275e+00
   1.9359680e+01  -9.7668996e+00
   1.9384692e+01  -9.6923750e+00
   1.9409705e+01  -8.7581012e+00
   1.9434717e+01  -9.6547539e+00
   1.9459730e+01  -7.4291218e+00
   1.9484742e+01  -9.3282630e+00
   1.9509755e+01  -8.0615353e+00
   1.9534767e+01  -7.7296295e+00
   1.9559780e+01  -9.1430624e+00
   1.9584792e+01  -7.8729841e+00
   1.9609805e+01  -7.3324589e+00
   1.9634817e+01  -6.9044426e+00
   1.9659830e+01  -9.0099527e+00
   1.9684842e+01  -8.2254130e+00
   1.9709855e+01  -8.5028898e+00
   1.9734867e+01  -8.5295802e+00
   1.9759880e+01  -7.7958261e+00
   1.9784892e+01  -8.1598788e+00
   1.9809905e+01  -6.5865540e+00
   1.9834917e+01  -7.7622824e+00
   1.9859930e+01  -7.6676790e+00
   1.9884942e+01  -6.2631385e+00
   1.9909955e+01  -5.6838206e+00
   1.9934967e+01  -6.8877299e+00
   1.9959980e+01  -5.4615240e+00
   1.9984992e+01  -6.5238767e+00
   2.0010005e+01  -5.8832952e+00
   2.0035018e+01  -6.1199094e+00
   2.0060030e+01  -5.1690098e+00
   2.0085043e+01  -5.6810347e+00
   2.0110055e+01  -5.7462152e+00
   2.0135068e+01  -4.6363490e+00
   2.0160080e+01  -5.2896103e+00
   2.0185093e+01  -5.8616500e+00
   2.0210105e+01  -4.5755007e+00
   2.0235118e+01  -5.0142573e+00
   2.0260130e+01  -5.2760373e+00
   2.0285143e+01  -4.6665930e+00
   2.0310155e+01  -5.5789750e+00
   2.0335168e+01  -5.1444090e+00
   2.0360180e+01  -4.3876508e+00
   2.0385193e+01  -4.8419400e+00
   2.0410205e+01  -5.2563372e+00
   2.0435218e+01  -4.7587003e+00
   2.0460230e+01  -4.9890027e+00
   2.0485243e+01  -5.1453929e+00
   2.0510255e+01  -5.0329771e+00
   2.0535268e+01  -4.0294591e+00
   2.0560280e+01  -4.0801211e+00
   2.0585293e+01  -4.0059020e+00
   2.0610305e+01  -3.8155191e+00
   2.0635318e+01  -3.7684918e+00
   2.0660330e+01  -4.5255243e+00
   2.0685343e+01  -4.5239551e+00
   2.0710355e+01  -4.9157556e+00
   2.0735368e+01  -4.6629149e+00
   2.0760380e+01  -4.0933163e+00
   2.0785393e+01  -4.3478634e+00
   2.0810405e+01  -4.0435809e+00
   2.0835418e+01  -4.6775141e+00
   2.0860430e+01  -3.8857292e+00
   2.0885443e+01  -4.7412511e+00
   2.0910455e+01  -4.8599394e+00
   2.0935468e+01  -4.8144392e+00
   2.0960480e+01  -4.3074617e+00
   2.0985493e+01  -4.6949003e+00
   2.1010505e+01  -4.5919938e+00
   2.1035518e+01  -4.1150208e+00
   2.1060530e+01  -5.2322639e+00
   2.1085543e+01  -5.1021686e+00
   2.1110555e+01  -4.5632631e+00
   2.1135568e+01  -5.6825271e+00
   2.1160580e+01  -4.5776590e+00
   2.1185593e+01  -4.8258901e+00
   2.1210605e+01  -5.0707799e+00
   2.1235618e+01  -4.8653577e+00
   2.1260630e+01  -4.8633767e+00
   2.1285643e+01  -5.7526204e+00
   2.1310655e+01  -4.9537874e+00
   2.1335668e+01  -5.5694338e+00
   2.1360680e+01  -5.2372088e+00
   2.1385693e+01  -5.5531181e+00
   2.1410705e+01  -6.3641457e+00
   2.1435718e+01  -5.1799515e+00
   2.1460730e+01  -4.8218320e+00
   2.1485743e+01  -6.3595870e+00
   2.1510755e+01  -5.9601724e+00
   2.1535768e+01  -5.6556626e+00
   2.1560780e+01  -5.6323289e+00
   2.1585793e+01  -4.8885577e+00
   2.1610805e+01  -6.3129097e+00
   2.1635818e+01  -5.1990693e+00
   2.1660830e+01  -5.5559477e+00
   2.1685843e+01  -5.1040911e+00
   2.1710855e+01  -4.4180666e+00
   2.1735868e+01  -5.1576959e+00
   2.1760880e+01  -5.0020285e+00
   2.1785893e+01  -4.5132437e+00
   2.1810905e+01  -4.1258031e+00
   2.1835918e+01  -5.1473044e+00
   2.1860930e+01  -3.9414552e+00
   2.1885943e+01  -4.2052033e+00
   2.1910955e+01  -4.7121387e+00
   2.1935968e+01  -4.8381360e+00
   2.1960980e+01  -4.2426228e+00
   2.1985993e+01  -4.3736202e+00
   2.2011006e+01  -4.2121068e+00
   2.2036018e+01  -4.0280349e+00
   2.2061031e+01  -3.9555094e+00
   2.2086043e+01  -4.1764350e+00
   2.2111056e+01  -3.6554476e+00
   2.2136068e+01  -3.4414605e+00
   2.2161081e+01  -3.6655315e+00
   2.2186093e+01  -3.3687613e+00
   2.2211106e+01  -3.0055541e+00
   2.2236118e+01  -3.2689119e+00
   2.2261131e+01  -3.3327700e+00
   2.2286143e+01  -3.1434917e+00
   2.2311156e+01  -3.1106160e+00
   2.2336168e+01  -3.4134999e+00
   2.2361181e+01  -3.1630594e+00
   2.2386193e+01  -3.1026896e+00
   2.2411206e+01  -2.7022652e+00
   2.2436218e+01  -2.8264359e+00
   2.2461231e+01  -2.9800537e+00
   2.2486243e+01  -3.1254531e+00
   2.2511256e+01  -3.1622583e+00
   2.2536268e+01  -3.3858296e+00
   2.2561281e+01  -3.3042596e+00
   2.2586293e+01  -2.5459739e+00
   2.2611306e+01  -3.2691131e+00
   2.2636318e+01  -2.5666637e+00
   2.2661331e+01  -3.2351552e+00
   2.2686343e+01  -2.8984240e+00
   2.2711356e+01  -2.5820160e+00
   2.2736368e+01  -2.4275667e+00
   2.2761381e+01  -2.6100587e+00
   2.2786393e+01  -3.0306311e+00
   2.2811406e+01  -2.4161037e+00
   2.2836418e+01  -2.6484817e+00
   2.2861431e+01  -2.4694154e+00
   2.2886443e+01  -2.5013422e+00
   2.2911456e+01  -2.4351212e+00
   2.2936468e+01  -2.9954945e+00
   2.2961481e+01  -2.4967458e+00
   2.2986493e+01  -2.9816937e+00
   2.3011506e+01  -2.6300265e+00
   2.3036518e+01  -3.0877672e+00
   2.3061531e+01  -2.9937833e+00
   2.3086543e+01  -2.8422130e+00
   2.3111556e+01  -3.3897040e+00
   2.3136568e+01  -3.4286407e+00
   2.3161581e+01  -3.5925728e+00
   2.3186593e+01  -2.7366487e+00
   2.3211606e+01  -3.3980280e+00
   2.3236618e+01  -2.8110102e+00
   2.3261631e+01  -2.9381474e+00
   2.3286643e+01  -2.9624061e+00
   2.3311656e+01  -3.2439695e+00
   2.3336668e+01  -3.1258441e+00
   2.3361681e+01  -3.2371513e+00
   2.3386693e+01  -3.1326536e+00
   2.3411706e+01  -3.2556194e+00
   2.3436718e+01  -3.2622065e+00
   2.3461731e+01  -3.4400419e+00
   2.3486743e+01  -3.5296396e+00
   2.3511756e+01  -2.9654804e+00
   2.3536768e+01  -3.4299670e+00
   2.3561781e+01  -3.2389946e+00
   2.3586793e+01  -3.2071862e+00
   2.3611806e+01  -2.5426182e+00
   2.3636818e+01  -2.3386701e+00
   2.3661831e+01  -2.6428594e+00
   2.3686843e+01  -2.5643673e+00
   2.3711856e+01  -2.0056558e+00
   2.3736868e+01  -1.8587593e+00
   2.3761881e+01  -2.0118326e+00
   2.3786893e+01  -1.9565602e+00
   2.3811906e+01  -1.7728184e+00
   2.3836918e+01  -1.2700658e+00
   2.3861931e+01  -1.3642203e+00
   2.3886943e+01  -1.2363223e+00
   2.3911956e+01  -9.1719159e-01
   2.3936968e+01  -6.6217190e-01
   2.3961981e+01  -5.4621247e-01
   2.3986993e+01  -4.5734633e-01
   2.4012006e+01  -2.3017041e-01
   2.4037019e+01  -1.0828765e-01
   2.4062031e+01   4.1030552e-02
   2.4087044e+01   2.1220466e-01
   2.4112056e+01   2.9913739e-01
   2.4137069e+01   4.1011847e-01
   2.4162081e+01   6.2001259e-01
   2.4187094e+01   6.3489787e-01
   2.4212106e+01   9.6192670e-01
   2.4237119e+01   8.8406800e-01
   2.4262131e+01   1.1024323e+00
   2.4287144e+01   1.2885236e+00
   2.4312156e+01   1.4087454e+00
   2.4337169e+01   1.3795150e+00
   2.4362181e+01   1.5999244e+00
   2.4387194e+01   1.7785390e+00
   2.4412206e+01   1.8793630e+00
   2.4437219e+01   1.6201675e+00
   2.4462231e+01   1.8916906e+00
   2.4487244e+01   2.1247006e+00
   2.4512256e+01   1.8607991e+00
   2.4537269e+01   2.2969737e+00
   2.4562281e+01   2.2110225e+00
   2.4587294e+01   2.3725458e+00
   2.4612306e+01   2.2279949e+00
   2.4637319e+01   2.1747177e+00
   2.4662331e+01   2.4100505e+00
   2.4687344e+01   2.9747091e+00
   2.4712356e+01   2.6949485e+00
   2.4737369e+01   2.5973605e+00
   2.4762381e+01   3.0828299e+00
   2.4787394e+01   3.1581317e+00
   2.4812406e+01   2.5493748e+00
   2.4837419e+01   3.3737285e+00
   2.4862431e+01   3.3492368e+00
   2.4887444e+01   2.9496470e+00
   2.4912456e+01   3.3069656e+00
   2.4937469e+01   2.9805502e+00
   2.4962481e+01   3.6077791e+00
   2.4987494e+01   3.0006642e+00
   2.5012506e+01   2.9002674e+00
   2.5037519e+01   3.4615904e+00
   2.5062531e+01   3.2020050e+00
   2.5087544e+01   3.3681152e+00
   2.5112556e+01   3.6622050e+00
   2.5137569e+01   3.0232799e+00
   2.5162581e+01   2.7864496e+00
   2.5187594e+01   3.4590148e+00
   2.5212606e+01   3.0425609e+00
   2.5237619e+01   3.2429289e+00
   2.5262631e+01   2.8569121e+00
   2.5287644e+01   2.7549998e+00
   2.5312656e+01   2.8311012e+00
   2.5337669e+01   3.4801459e+00
   2.5362681e+01   2.9961176e+00
   2.5387694e+01   3.0994210e+00
   2.5412706e+01   3.3914917e+00
   2.5437719e+01   3.6003448e+00
   2.5462731e+01   3.6062900e+00
   2.5487744e+01   3.2731641e+00
   2.5512756e+01   3.1504002e+00
   2.5537769e+01   3.7118379e+00
   2.5562781e+01   3.1041676e+00
   2.5587794e+01   3.5043465e+00
   2.5612806e+01   4.0190554e+00
   2.5637819e+01   4.0868846e+00
   2.5662831e+01   3.8879376e+00
   2.5687844e+01   4.8569213e+00
   2.5712856e+01   3.8795659e+00
   2.5737869e+01   4.8365719e+00
   2.5762881e+01   4.1830743e+00
   2.5787894e+01   4.7180888e+00
   2.5812906e+01   5.4573012e+00
   2.5837919e+01   4.8981029e+00
   2.5862931e+01   4.5933148e+00
   2.5887944e+01   5.5019145e+00
   2.5912956e+01   5.1770047e+00
   2.5937969e+01   5.0652546e+00
   2.5962981e+01   6.1781056e+00
   2.5987994e+01   5.9333888e+00
   2.6013007e+01   5.5030614e+00
   2.6038019e+01   5.4570647e+00
   2.6063032e+01   5.7434747e+00
   2.6088044e+01   5.7080095e+00
   2.6113057e+01   6.1613035e+00
   2.6138069e+01   7.4835007e+00
   2.6163082e+01   6.7366086e+00
   2.6188094e+01   6.2343729e+00
   2.6213107e+01   6.6824509e+00
   2.6238119e+01   7.2181481e+00
   2.6263132e+01   7.0215691e+00
   2.6288144e+01   7.1975761e+00
   2.6313157e+01   7.7750478e+00
   2.6338169e+01   6.7957530e+00
   2.6363182e+01   7.6091010e+00
   2.6388194e+01   6.3763913e+00
   2.6413207e+01   6.1874153e+00
   2.6438219e+01   6.8100188e+00
   2.6463232e+01   7.8543386e+00
   2.6488244e+01   6.9227401e+00
   2.6513257e+01   8.2192766e+00
   2.6538269e+01   7.4353129e+00
   2.6563282e+01   6.8634298e+00
   2.6588294e+01   8.1427338e+00
   2.6613307e+01   8.0779369e+00
   2.6638319e+01   7.9697198e+00
   2.6663332e+01   6.6769733e+00
   2.6688344e+01   6.7267899e+00
   2.6713357e+01   7.7737608e+00
   2.6738369e+01   7.5800144e+00
   2.6763382e+01   7.1029958e+00
   2.6788394e+01   8.0774462e+00
   2.6813407e+01   6.9912657e+00
   2.6838419e+01   8.0309082e+00
   2.6863432e+01   6.9169484e+00
   2.6888444e+01   6.8801535e+00
   2.6913457e+01   7.3505083e+00
   2.6938469e+01   6.4978767e+00
   2.6963482e+01   6.5448147e+00
   2.6988494e+01   5.8242203e+00
   2.7013507e+01   6.9455782e+00
   2.7038519e+01   6.4642125e+00
   2.7063532e+01   6.5067941e+00
   2.7088544e+01   6.6597845e+00
   2.7113557e+01   5.4907184e+00
   2.7138569e+01   6.5008591e+00
   2.7163582e+01   6.4434253e+00
   2.7188594e+01   5.2694536e+00
   2.7213607e+01   5.8670112e+00
   2.7238619e+01   5.1119614e+00
   2.7263632e+01   4.8911804e+00
   2.7288644e+01   4.6237589e+00
   2.7313657e+01   5.2652442e+00
   2.7338669e+01   4.9639454e+00
   2.7363682e+01   5.2857056e+00
   2.7388694e+01   4.3887231e+00
   2.7413707e+01   4.1835106e+00
   2.7438719e+01   4.4643202e+00
   2.7463732e+01   4.4598812e+00
   2.7488744e+01   4.8164751e+00
   2.7513757e+01   3.9044761e+00
   2.7538769e+01   3.7690915e+00
   2.7563782e+01   4.4950937e+00
   2.7588794e+01   3.7039675e+00
   2.7613807e+01   3.8363723e+00
   2.7638819e+01   4.5594998e+00
   2.7663832e+01   4.3379570e+00
   2.7688844e+01   4.3897138e+00
   2.7713857e+01   4.7604655e+00
   2.7738869e+01   4.7716740e+00
   2.7763882e+01   4.4200030e+00
   2.7788894e+01   4.1544328e+00
   2.7813907e+01   3.9777527e+00
   2.7838919e+01   5.0533773e+00
   2.7863932e+01   5.2103553e+00
   2.7888944e+01   5.2139225e+00
   2.7913957e+01   4.8295788e+00
   2.7938969e+01   4.0954729e+00
   2.7963982e+01   4.0973832e+00
   2.7988994e+01   4.2701718e+00
   2.8014007e+01   4.0722828e+00
   2.8039020e+01   5.0711337e+00
   2.8064032e+01   4.2495109e+00
   2.8089045e+01   4.9521954e+00
   2.8114057e+01   5.1661533e+00
   2.8139070e+01   4.8357637e+00
   2.8164082e+01   4.5505222e+00
   2.8189095e+01   5.1548895e+00
   2.8214107e+01   4.3994930e+00
   2.8239120e+01   4.3883466e+00
   2.8264132e+01   4.9954030e+00
   2.8289145e+01   4.5652021e+00
   2.8314157e+01   4.1909322e+00
   2.8339170e+01   4.7775629e+00
   2.8364182e+01   3.9684979e+00
   2.8389195e+01   4.9125145e+00
   2.8414207e+01   3.9475358e+00
   2.8439220e+01   3.7189216e+00
   2.8464232e+01   3.6558890e+00
   2.8489245e+01   4.4674504e+00
   2.8514257e+01   4.4617694e+00
   2.8539270e+01   4.3024765e+00
   2.8564282e+01   4.2577456e+00
   2.8589295e+01   4.4272180e+00
   2.8614307e+01   3.7868678e+00
   2.8639320e+01   4.0838885e+00
   2.8664332e+01   3.6072393e+00
   2.8689345e+01   4.1060497e+00
   2.8714357e+01   3.0203192e+00
   2.8739370e+01   3.9785555e+00
   2.8764382e+01   3.4696095e+00
   2.8789395e+01   3.1629070e+00
   2.8814407e+01   3.2846465e+00
   2.8839420e+01   2.9492481e+00
   2.8864432e+01   2.7305887e+00
   2.8889445e+01   3.0864960e+00
   2.8914457e+01   2.9913524e+00
   2.8939470e+01   2.9626594e+00
   2.8964482e+01   2.4894946e+00
   2.8989495e+01   2.3010696e+00
   2.9014507e+01   2.2532075e+00
   2.9039520e+01   2.1200653e+00
   2.9064532e+01   2.3736597e+00
   2.9089545e+01   2.1218698e+00
   2.9114557e+01   1.7191258e+00
   2.9139570e+01   1.7547290e+00
   2.9164582e+01   1.6909265e+00
   2.9189595e+01   1.5818135e+00
   2.9214607e+01   1.4599578e+00
   2.9239620e+01   1.2104017e+00
   2.9264632e+01   9.1886079e-01
   2.9289645e+01   8.6100380e-01
   2.9314657e+01   9.2526591e-01
   2.9339670e+01   7.1480855e-01
   2.9364682e+01   6.7484798e-01
   2.9389695e+01   6.1184193e-01
   2.9414707e+01   4.5750117e-01
   2.9439720e+01   4.4461219e-01
   2.9464732e+01   3.6015529e-01
   2.9489745e+01   3.0563556e-01
   2.9514757e+01   3.6488226e-01
   2.9539770e+01   2.8217201e-01
   2.9564782e+01   3.2256063e-01
   2.9589795e+01   3.2308397e-01
   2.9614807e+01   3.4281113e-01
   2.9639820e+01   4.3440361e-01
   2.9664832e+01   5.1991858e-01
   2.9689845e+01   4.4289930e-01
   2.9714857e+01   6.2878769e-01
   2.9739870e+01   7.1769695e-01
   2.9764882e+01   8.2794103e-01
   2.9789895e+01   9.3899511e-01
   2.9814907e+01   8.0639683e-01
   2.9839920e+01   1.0069437e+00
   2.9864932e+01   1.1996901e+00
   2.9889945e+01   1.2362658e+00
   2.9914957e+01   1.4549443e+00
   2.9939970e+01   1.5564560e+00
   2.9964982e+01   1.6669544e+00
   2.9989995e+01   1.3482237e+00
   3.0015008e+01   1.6024092e+00
   3.0040020e+01   1.6207939e+00
   3.0065033e+01   1.5921497e+00
   3.0090045e+01   1.6558331e+00
   3.0115058e+01   2.1031564e+00
   3.0140070e+01   2.0032041e+00
   3.0165083e+01   2.3187427e+00
   3.0190095e+01   2.4069640e+00
   3.0215108e+01   2.0906591e+00
   3.0240120e+01   2.1096234e+00
   3.0265133e+01   2.0535318e+00
   3.0290145e+01   2.2395116e+00
   3.0315158e+01   2.1512316e+00
   3.0340170e+01   2.3197904e+00
   3.0365183e+01   2.3342128e+00
   3.0390195e+01   2.2404049e+00
   3.0415208e+01   2.1772486e+00
   3.0440220e+01   2.4169479e+00
   3.0465233e+01   2.5127031e+00
   3.0490245e+01   2.4041345e+00
   3.0515258e+01   2.7103463e+00
   3.0540270e+01   2.5536707e+00
   3.0565283e+01   2.5769526e+00
   3.0590295e+01   2.8903518e+00
   3.0615308e+01   2.9393418e+00
   3.0640320e+01   2.9175216e+00
   3.0665333e+01   2.9756928e+00
   3.0690345e+01   2.7629094e+00
   3.0715358e+01   2.8292928e+00
   3.0740370e+01   2.9115840e+00
   3.0765383e+01   2.4770806e+00
   3.0790395e+01   2.6123101e+00
   3.0815408e+01   2.9335683e+00
   3.0840420e+01   2.6715604e+00
   3.0865433e+01   3.0622212e+00
   3.0890445e+01   2.6301498e+00
   3.0915458e+01   2.4259697e+00
   3.0940470e+01   2.6261344e+00
   3.0965483e+01   2.8205973e+00
   3.0990495e+01   3.1320332e+00
   3.1015508e+01   2.8669950e+00
   3.1040520e+01   2.8513196e+00
   3.1065533e+01   2.6828799e+00
   3.1090545e+01   2.6191614e+00
   3.1115558e+01   2.8354636e+00
   3.1140570e+01   2.4219089e+00
   3.1165583e+01   2.4250506e+00
   3.1190595e+01   2.1996483e+00
   3.1215608e+01   2.5500356e+00
   3.1240620e+01   2.3596747e+00
   3.1265633e+01   2.1929964e+00
   3.1290645e+01   2.3965003e+00
   3.1315658e+01   1.9736105e+00
   3.1340670e+01   1.8901174e+00
   3.1365683e+01   2.2739500e+00
   3.1390695e+01   2.3149060e+00
   3.1415708e+01   2.2722761e+00
   3.1440720e+01   2.5142003e+00
   3.1465733e+01   2.3619228e+00
   3.1490745e+01   2.3284270e+00
   3.1515758e+01   2.1926838e+00
   3.1540770e+01   2.0997197e+00
   3.1565783e+01   2.6745234e+00
   3.1590795e+01   2.3246504e+00
   3.1615808e+01   2.5028076e+00
   3.1640820e+01   2.5820236e+00
   3.1665833e+01   2.9357456e+00
   3.1690845e+01   3.0516839e+00
   3.1715858e+01   3.4118828e+00
   3.1740870e+01   3.6348249e+00
   3.1765883e+01   3.7019575e+00
   3.1790895e+01   4.0467148e+00
   3.1815908e+01   3.3348667e+00
   3.1840920e+01   4.3254622e+00
   3.1865933e+01   3.4305211e+00
   3.1890945e+01   3.7932510e+00
   3.1915958e+01   3.6252252e+00
   3.1940970e+01   4.6126729e+00
   3.1965983e+01   5.0666234e+00
   3.1990995e+01   4.7451491e+00
   3.2016008e+01   4.2726205e+00
   3.2041021e+01   4.8836235e+00
   3.2066033e+01   5.0902664e+00
   3.2091046e+01   4.6150009e+00
   3.2116058e+01   4.9131428e+00
   3.2141071e+01   5.6175402e+00
   3.2166083e+01   5.4430618e+00
   3.2191096e+01   4.8508211e+00
   3.2216108e+01   5.3063060e+00
   3.2241121e+01   5.3951692e+00
   3.2266133e+01   5.7561733e+00
   3.2291146e+01   4.8613578e+00
   3.2316158e+01   5.8628602e+00
   3.2341171e+01   6.5232794e+00
   3.2366183e+01   5.1299836e+00
   3.2391196e+01   6.2616207e+00
   3.2416208e+01   6.7202364e+00
   3.2441221e+01   6.1147354e+00
   3.2466233e+01   6.3433484e+00
   3.2491246e+01   5.6248913e+00
   3.2516258e+01   5.9300828e+00
   3.2541271e+01   5.2096078e+00
   3.2566283e+01   5.8392711e+00
   3.2591296e+01   5.8135149e+00
   3.2616308e+01   5.6926679e+00
   3.2641321e+01   6.6707413e+00
   3.2666333e+01   6.0096191e+00
   3.2691346e+01   6.6659366e+00
   3.2716358e+01   6.6355785e+00
   3.2741371e+01   5.7019736e+00
   3.2766383e+01   5.3001326e+00
   3.2791396e+01   5.2616358e+00
   3.2816408e+01   6.2996355e+00
   3.2841421e+01   5.8843514e+00
   3.2866433e+01   6.7136066e+00
   3.2891446e+01   5.7953655e+00
   3.2916458e+01   5.2814694e+00
   3.2941471e+01   5.9063764e+00
   3.2966483e+01   6.5296956e+00
   3.2991496e+01   5.9778522e+00
   3.3016508e+01   5.4482259e+00
   3.3041521e+01   5.1429817e+00
   3.3066533e+01   6.0260136e+00
   3.3091546e+01   6.0811074e+00
   3.3116558e+01   5.0751563e+00
   3.3141571e+01   4.5004232e+00
   3.3166583e+01   4.5878839e+00
   3.3191596e+01   5.0855485e+00
   3.3216608e+01   4.4140528e+00
   3.3241621e+01   4.4769707e+00
   3.3266633e+01   4.6273093e+00
   3.3291646e+01   4.3798003e+00
   3.3316658e+01   4.2592728e+00
   3.3341671e+01   4.3724041e+00
   3.3366683e+01   4.0083651e+00
   3.3391696e+01   3.6812174e+00
   3.3416708e+01   4.4342309e+00
   3.3441721e+01   3.7578864e+00
   3.3466733e+01   4.5262311e+00
   3.3491746e+01   4.0094384e+00
   3.3516758e+01   3.8930615e+00
   3.3541771e+01   4.4014542e+00
   3.3566783e+01   4.4053204e+00
   3.3591796e+01   3.7124804e+00
   3.3616808e+01   3.6622996e+00
   3.3641821e+01   3.7599442e+00
   3.3666833e+01   4.3665525e+00
   3.3691846e+01   4.6870922e+00
   3.3716858e+01   4.3153826e+00
   3.3741871e+01   3.9216245e+00
   3.3766883e+01   4.7030164e+00
   3.3791896e+01   5.0293057e+00
   3.3816908e+01   4.1628903e+00
   3.3841921e+01   5.1255489e+00
   3.3866933e+01   4.2729055e+00
   3.3891946e+01   5.2195839e+00
   3.3916958e+01   5.3194491e+00
   3.3941971e+01   4.8937133e+00
   3.3966983e+01   4.8799510e+00
   3.3991996e+01   5.5426488e+00
   3.4017009e+01   4.3526926e+00
   3.4042021e+01   5.0579872e+00
   3.4067034e+01   5.2593730e+00
   3.4092046e+01   5.4583608e+00
   3.4117059e+01   4.7053573e+00
   3.4142071e+01   4.3966808e+00
   3.4167084e+01   4.5829956e+00
   3.4192096e+01   5.5560198e+00
   3.4217109e+01   5.8593256e+00
   3.4242121e+01   4.9514412e+00
   3.4267134e+01   5.8671802e+00
   3.4292146e+01   4.8262977e+00
   3.4317159e+01   4.5167235e+00
   3.4342171e+01   4.8676899e+00
   3.4367184e+01   5.1068657e+00
   3.4392196e+01   5.1808260e+00
   3.4417209e+01   5.0086422e+00
   3.4442221e+01   4.6385755e+00
   3.4467234e+01   4.3757506e+00
   3.4492246e+01   4.3313146e+00
   3.4517259e+01   4.2730132e+00
   3.4542271e+01   5.0533297e+00
   3.4567284e+01   4.6619147e+00
   3.4592296e+01   4.1260420e+00
   3.4617309e+01   4.9003726e+00
   3.4642321e+01   4.1349829e+00
   3.4667334e+01   4.9361848e+00
   3.4692346e+01   4.4899526e+00
   3.4717359e+01   4.4794321e+00
   3.4742371e+01   3.9739683e+00
   3.4767384e+01   4.6586489e+00
   3.4792396e+01   4.2578270e+00
   3.4817409e+01   4.2400133e+00
   3.4842421e+01   3.9785074e+00
   3.4867434e+01   4.2554750e+00
   3.4892446e+01   3.4024580e+00
   3.4917459e+01   3.9164782e+00
   3.4942471e+01   4.1113071e+00
   3.4967484e+01   3.5484026e+00
   3.4992496e+01   3.6538427e+00
   3.5017509e+01   3.1802214e+00
   3.5042521e+01   3.3660518e+00
   3.5067534e+01   2.9307862e+00
   3.5092546e+01   3.2852715e+00
   3.5117559e+01   3.1445439e+00
   3.5142571e+01   3.1367426e+00
   3.5167584e+01   2.5895850e+00
   3.5192596e+01   2.4752786e+00
   3.5217609e+01   2.4556558e+00
   3.5242621e+01   2.4970804e+00
   3.5267634e+01   1.8468498e+00
   3.5292646e+01   1.8483107e+00
   3.5317659e+01   2.1949272e+00
   3.5342671e+01   2.0901087e+00
   3.5367684e+01   1.7319736e+00
   3.5392696e+01   1.8374003e+00
   3.5417709e+01   1.8228076e+00
   3.5442721e+01   1.6411994e+00
   3.5467734e+01   1.4590235e+00
   3.5492746e+01   1.4436180e+00
   3.5517759e+01   1.4391359e+00
   3.5542771e+01   1.5364414e+00
   3.5567784e+01   1.4468722e+00
   3.5592796e+01   1.6783309e+00
   3.5617809e+01   1.4379681e+00
   3.5642821e+01   1.4654332e+00
   3.5667834e+01   1.7738413e+00
   3.5692846e+01   1.6622440e+00
   3.5717859e+01   1.8291543e+00
   3.5742871e+01   1.5712317e+00
   3.5767884e+01   1.8187158e+00
   3.5792896e+01   1.6777749e+00
   3.5817909e+01   2.1031547e+00
   3.5842921e+01   2.2164689e+00
   3.5867934e+01   2.4470610e+00
   3.5892946e+01   2.3673115e+00
   3.5917959e+01   2.4764770e+00
   3.5942971e+01   2.6823422e+00
   3.5967984e+01   2.4803596e+00
   3.5992996e+01   2.5484250e+00
   3.6018009e+01   2.8963052e+00
   3.6043022e+01   2.9854671e+00
   3.6068034e+01   2.5248769e+00
   3.6093047e+01   2.4370163e+00
   3.6118059e+01   2.5094127e+00
   3.6143072e+01   2.6268748e+00
   3.6168084e+01   2.6906365e+00
   3.6193097e+01   3.1370828e+00
   3.6218109e+01   2.6251474e+00
   3.6243122e+01   3.0604352e+00
   3.6268134e+01   3.2783797e+00
   3.6293147e+01   2.7720283e+00
   3.6318159e+01   2.9040707e+00
   3.6343172e+01   2.9702699e+00
   3.6368184e+01   2.8732305e+00
   3.6393197e+01   3.0302559e+00
   3.6418209e+01   3.5017381e+00
   3.6443222e+01   3.0290243e+00
   3.6468234e+01   3.5003683e+00
   3.6493247e+01   3.2939639e+00
   3.6518259e+01   3.3049182e+00
   3.6543272e+01   3.4853749e+00
   3.6568284e+01   3.5354477e+00
   3.6593297e+01   3.6673375e+00
   3.6618309e+01   2.9228810e+00
   3.6643322e+01   3.5718646e+00
   3.6668334e+01   2.9777948e+00
   3.6693347e+01   2.8188911e+00
   3.6718359e+01   2.9123322e+00
   3.6743372e+01   2.9120625e+00
   3.6768384e+01   2.8967953e+00
   3.6793397e+01   3.6685377e+00
   3.6818409e+01   3.0052193e+00
   3.6843422e+01   3.6241382e+00
   3.6868434e+01   3.2998894e+00
   3.6893447e+01   3.4823678e+00
   3.6918459e+01   2.9671331e+00
   3.6943472e+01   2.8019715e+00
   3.6968484e+01   2.7091952e+00
   3.6993497e+01   2.9713396e+00
   3.7018509e+01   2.6571367e+00
   3.7043522e+01   2.6368863e+00
   3.7068534e+01   2.3317981e+00
   3.7093547e+01   2.7231586e+00
   3.7118559e+01   2.9339124e+00
   3.7143572e+01   2.7600272e+00
   3.7168584e+01   2.0618388e+00
   3.7193597e+01   2.4346882e+00
   3.7218609e+01   2.1683751e+00
   3.7243622e+01   1.9365298e+00
   3.7268634e+01   2.1461300e+00
   3.7293647e+01   2.0036790e+00
   3.7318659e+01   2.0065094e+00
   3.7343672e+01   2.1695415e+00
   3.7368684e+01   1.7003757e+00
   3.7393697e+01   1.8282975e+00
   3.7418709e+01   1.5955315e+00
   3.7443722e+01   1.7575493e+00
   3.7468734e+01   1.9378910e+00
   3.7493747e+01   1.6000951e+00
   3.7518759e+01   1.9286738e+00
   3.7543772e+01   1.7485871e+00
   3.7568784e+01   1.9545690e+00
   3.7593797e+01   1.7413742e+00
   3.7618809e+01   1.9617197e+00
   3.7643822e+01   1.7622984e+00
   3.7668834e+01   1.9625009e+00
   3.7693847e+01   2.0582408e+00
   3.7718859e+01   2.3083401e+00
   3.7743872e+01   2.1863075e+00
   3.7768884e+01   2.3699600e+00
   3.7793897e+01   2.7733148e+00
   3.7818909e+01   2.6102345e+00
   3.7843922e+01   2.4080638e+00
   3.7868934e+01   2.7813954e+00
   3.7893947e+01   2.9496805e+00
   3.7918959e+01   3.3649872e+00
   3.7943972e+01   2.9695284e+00
   3.7968984e+01   3.5533125e+00
   3.7993997e+01   3.3857333e+00
   3.8019010e+01   2.9405124e+00
   3.8044022e+01   3.2126693e+00
   3.8069035e+01   3.6170274e+00
   3.8094047e+01   3.5551359e+00
   3.8119060e+01   3.2962596e+00
   3.8144072e+01   3.3769702e+00
   3.8169085e+01   4.0076150e+00
   3.8194097e+01   3.8541879e+00
   3.8219110e+01   3.3433870e+00
   3.8244122e+01   4.0002919e+00
   3.8269135e+01   3.6534493e+00
   3.8294147e+01   3.7248411e+00
   3.8319160e+01   3.9992693e+00
   3.8344172e+01   3.6470778e+00
   3.8369185e+01   3.2017689e+00
   3.8394197e+01   3.2569807e+00
   3.8419210e+01   3.8172091e+00
   3.8444222e+01   3.6350869e+00
   3.8469235e+01   4.1412222e+00
   3.8494247e+01   3.2020306e+00
   3.8519260e+01   3.4808714e+00
   3.8544272e+01   3.6337718e+00
   3.8569285e+01   3.1362391e+00
   3.8594297e+01   3.9383899e+00
   3.8619310e+01   3.6101743e+00
   3.8644322e+01   3.8437099e+00
   3.8669335e+01   3.5107729e+00
   3.8694347e+01   2.8409243e+00
   3.8719360e+01   3.0878865e+00
   3.8744372e+01   2.8315534e+00
   3.8769385e+01   3.2576185e+00
   3.8794397e+01   2.6573706e+00
   3.8819410e+01   3.1345508e+00
   3.8844422e+01   2.8708714e+00
   3.8869435e+01   2.6316083e+00
   3.8894447e+01   2.7046736e+00
   3.8919460e+01   2.7412060e+00
   3.8944472e+01   2.6946690e+00
   3.8969485e+01   2.2085734e+00
   3.8994497e+01   2.0807428e+00
   3.9019510e+01   1.9707679e+00
   3.9044522e+01   2.0180507e+00
   3.9069535e+01   1.9639671e+00
   3.9094547e+01   1.7442585e+00
   3.9119560e+01   1.6231703e+00
   3.9144572e+01   1.4418005e+00
   3.9169585e+01   1.0227961e+00
   3.9194597e+01   1.0721416e+00
   3.9219610e+01   9.1790120e-01
   3.9244622e+01   6.9695021e-01
   3.9269635e+01   5.3998827e-01
   3.9294647e+01   2.8706182e-01
   3.9319660e+01   1.8713304e-01
   3.9344672e+01   3.2680572e-02
   3.9369685e+01  -1.0776641e-01
   3.9394697e+01  -2.6029079e-01
   3.9419710e+01  -3.4207875e-01
   3.9444722e+01  -5.0598161e-01
   3.9469735e+01  -5.1507417e-01
   3.9494747e+01  -6.6983328e-01
   3.9519760e+01  -7.7861154e-01
   3.9544772e+01  -8.7708201e-01
   3.9569785e+01  -8.3721345e-01
   3.9594797e+01  -8.7727823e-01
   3.9619810e+01  -1.1144663e+00
   3.9644822e+01  -1.0647611e+00
   3.9669835e+01  -9.3084931e-01
   3.9694847e+01  -1.1262426e+00
   3.9719860e+01  -1.0015465e+00
   3.9744872e+01  -1.2105682e+00
   3.9769885e+01  -1.2517356e+00
   3.9794897e+01  -1.0798074e+00
   3.9819910e+01  -1.0183440e+00
   3.9844922e+01  -1.2415951e+00
   3.9869935e+01  -1.0944408e+00
   3.9894947e+01  -1.0799935e+00
   3.9919960e+01  -1.0726096e+00
   3.9944972e+01  -1.0398713e+00
   3.9969985e+01  -1.2332116e+00
   3.9994997e+01  -1.2035872e+00
   4.0020010e+01  -1.3652666e+00
   4.0045023e+01  -1.3015641e+00
   4.0070035e+01  -1.3028390e+00
   4.0095048e+01  -1.2147741e+00
   4.0120060e+01  -1.3297296e+00
   4.0145073e+01  -1.5369286e+00
   4.0170085e+01  -1.5430221e+00
   4.0195098e+01  -1.8597992e+00
   4.0220110e+01  -1.5087073e+00
   4.0245123e+01  -1.7949846e+00
   4.0270135e+01  -1.9380655e+00
   4.0295148e+01  -1.7903114e+00
   4.0320160e+01  -2.1356536e+00
   4.0345173e+01  -2.4489002e+00
   4.0370185e+01  -2.1068548e+00
   4.0395198e+01  -2.1737374e+00
   4.0420210e+01  -2.2003602e+00
   4.0445223e+01  -2.7729488e+00
   4.0470235e+01  -2.3597123e+00
   4.0495248e+01  -2.6922711e+00
   4.0520260e+01  -3.4124897e+00
   4.0545273e+01  -3.3510192e+00
   4.0570285e+01  -2.9748157e+00
   4.0595298e+01  -3.5247580e+00
   4.0620310e+01  -3.0871128e+00
   4.0645323e+01  -3.7262625e+00
   4.0670335e+01  -4.1096808e+00
   4.0695348e+01  -4.3009009e+00
   4.0720360e+01  -3.7909233e+00
   4.0745373e+01  -4.0895215e+00
   4.0770385e+01  -4.4737173e+00
   4.0795398e+01  -4.6568157e+00
   4.0820410e+01  -4.4825232e+00
   4.0845423e+01  -4.4974198e+00
   4.0870435e+01  -4.5265777e+00
   4.0895448e+01  -4.3721679e+00
   4.0920460e+01  -5.0912707e+00
   4.0945473e+01  -4.8141488e+00
   4.0970485e+01  -5.3613244e+00
   4.0995498e+01  -6.4332717e+00
   4.1020510e+01  -5.9200432e+00
   4.1045523e+01  -6.8479605e+00
   4.1070535e+01  -5.5159448e+00
   4.1095548e+01  -7.4406136e+00
   4.1120560e+01  -5.8709859e+00
   4.1145573e+01  -6.4923505e+00
   4.1170585e+01  -7.6811655e+00
   4.1195598e+01  -7.4945324e+00
   4.1220610e+01  -7.3876345e+00
   4.1245623e+01  -7.1892359e+00
   4.1270635e+01  -6.9737910e+00
   4.1295648e+01  -7.5204141e+00
   4.1320660e+01  -7.3643998e+00
   4.1345673e+01  -7.8860094e+00
   4.1370685e+01  -7.5010414e+00
   4.1395698e+01  -9.4971414e+00
   4.1420710e+01  -1.0007289e+01
   4.1445723e+01  -8.1346071e+00
   4.1470735e+01  -9.5481237e+00
   4.1495748e+01  -7.8298212e+00
   4.1520760e+01  -9.4880630e+00
   4.1545773e+01  -9.7068529e+00
   4.1570785e+01  -8.0040881e+00
   4.1595798e+01  -7.9480403e+00
   4.1620810e+01  -8.3679223e+00
   4.1645823e+01  -1.0417728e+01
   4.1670835e+01  -8.7767726e+00
   4.1695848e+01  -9.5020182e+00
   4.1720860e+01  -9.4705700e+00
   4.1745873e+01  -9.5865445e+00
   4.1770885e+01  -8.9081372e+00
   4.1795898e+01  -9.1117668e+00
   4.1820910e+01  -9.0880194e+00
   4.1845923e+01  -1.0647635e+01
   4.1870935e+01  -8.0367455e+00
   4.1895948e+01  -8.9471913e+00
   4.1920960e+01  -1.0005806e+01
   4.1945973e+01  -9.4296710e+00
   4.1970985e+01  -8.6190956e+00
   4.1995998e+01  -1.0213379e+01
   4.2021011e+01  -7.9814335e+00
   4.2046023e+01  -8.5785746e+00
   4.2071036e+01  -1.0106002e+01
   4.2096048e+01  -9.4697221e+00
   4.2121061e+01  -9.5346481e+00
   4.2146073e+01  -8.9599183e+00
   4.2171086e+01  -8.0584587e+00
   4.2196098e+01  -1.0256016e+01
   4.2221111e+01  -1.0078655e+01
   4.2246123e+01  -8.8809621e+00
   4.2271136e+01  -9.9741482e+00
   4.2296148e+01  -8.6019082e+00
   4.2321161e+01  -8.7334237e+00
   4.2346173e+01  -9.9182410e+00
   4.2371186e+01  -8.0331877e+00
   4.2396198e+01  -1.0389852e+01
   4.2421211e+01  -7.7975511e+00
   4.2446223e+01  -8.6237633e+00
   4.2471236e+01  -7.9591189e+00
   4.2496248e+01  -9.0657698e+00
   4.2521261e+01  -1.0045249e+01
   4.2546273e+01  -1.0407132e+01
   4.2571286e+01  -9.3675718e+00
   4.2596298e+01  -1.0138900e+01
   4.2621311e+01  -9.4826231e+00
   4.2646323e+01  -1.0026172e+01
   4.2671336e+01  -7.9664924e+00
   4.2696348e+01  -9.2954524e+00
   4.2721361e+01  -8.6783993e+00
   4.2746373e+01  -8.8617151e+00
   4.2771386e+01  -1.0749550e+01
   4.2796398e+01  -8.6307538e+00
   4.2821411e+01  -9.5467731e+00
   4.2846423e+01  -8.7396822e+00
   4.2871436e+01  -9.7560055e+00
   4.2896448e+01  -1.1042529e+01
   4.2921461e+01  -8.5884058e+00
   4.2946473e+01  -1.1030837e+01
   4.2971486e+01  -8.6614150e+00
   4.2996498e+01  -8.8985041e+00
   4.3021511e+01  -1.0321234e+01
   4.3046523e+01  -8.8429518e+00
   4.3071536e+01  -8.7632715e+00
   4.3096548e+01  -1.0574642e+01
   4.3121561e+01  -8.7227409e+00
   4.3146573e+01  -1.1724546e+01
   4.3171586e+01  -1.0426326e+01
   4.3196598e+01  -9.9798512e+00
   4.3221611e+01  -1.1084152e+01
   4.3246623e+01  -1.1905788e+01
   4.3271636e+01  -1.0178726e+01
   4.3296648e+01  -1.1212695e+01
   4.3321661e+01  -1.0965389e+01
   4.3346673e+01  -1.1552517e+01
   4.3371686e+01  -1.0988172e+01
   4.3396698e+01  -1.0307900e+01
   4.3421711e+01  -1.1832961e+01
   4.3446723e+01  -9.8162626e+00
   4.3471736e+01  -1.1625160e+01
   4.3496748e+01  -1.2226103e+01
   4.3521761e+01  -9.8987500e+00
   4.3546773e+01  -1.1200415e+01
   4.3571786e+01  -1.0982322e+01
   4.3596798e+01  -1.0118668e+01
   4.3621811e+01  -1.0286373e+01
   4.3646823e+01  -1.1562200e+01
   4.3671836e+01  -1.1447698e+01
   4.3696848e+01  -1.0653271e+01
   4.3721861e+01  -9.4898600e+00
   4.3746873e+01  -8.3582549e+00
   4.3771886e+01  -9.7947862e+00
   4.3796898e+01  -9.5966579e+00
   4.3821911e+01  -8.8652652e+00
   4.3846923e+01  -1.0160452e+01
   4.3871936e+01  -9.3070643e+00
   4.3896948e+01  -9.1523255e+00
   4.3921961e+01  -8.1458953e+00
   4.3946973e+01  -7.4447697e+00
   4.3971986e+01  -7.8733902e+00
   4.3996998e+01  -7.5988982e+00
   4.4022011e+01  -7.7479031e+00
   4.4047024e+01  -8.8319474e+00
   4.4072036e+01  -7.0715610e+00
   4.4097049e+01  -6.9610005e+00
   4.4122061e+01  -7.6660829e+00
   4.4147074e+01  -7.7745632e+00
   4.4172086e+01  -6.6851798e+00
   4.4197099e+01  -7.6450963e+00
   4.4222111e+01  -8.0059351e+00
   4.4247124e+01  -7.7797869e+00
   4.4272136e+01  -6.5911413e+00
   4.4297149e+01  -6.6256160e+00
   4.4322161e+01  -6.2828433e+00
   4.4347174e+01  -6.7645399e+00
   4.4372186e+01  -6.4518175e+00
   4.4397199e+01  -6.2955942e+00
   4.4422211e+01  -7.5430518e+00
   4.4447224e+01  -6.4178762e+00
   4.4472236e+01  -6.3203150e+00
   4.4497249e+01  -6.6805517e+00
   4.4522261e+01  -5.6089264e+00
   4.4547274e+01  -5.8230226e+00
   4.4572286e+01  -6.7594321e+00
   4.4597299e+01  -6.4245689e+00
   4.4622311e+01  -5.6729365e+00
   4.4647324e+01  -6.8241066e+00
   4.4672336e+01  -6.0020620e+00
   4.4697349e+01  -6.1838758e+00
   4.4722361e+01  -6.1159983e+00
   4.4747374e+01  -5.4626698e+00
   4.4772386e+01  -5.2511864e+00
   4.4797399e+01  -5.9176779e+00
   4.4822411e+01  -5.1249947e+00
   4.4847424e+01  -5.8378298e+00
   4.4872436e+01  -6.0522994e+00
   4.4897449e+01  -6.1981987e+00
   4.4922461e+01  -5.1257308e+00
   4.4947474e+01  -6.3486688e+00
   4.4972486e+01  -5.3985523e+00
   4.4997499e+01  -6.1882011e+00
   4.5022511e+01  -6.2478124e+00
   4.5047524e+01  -6.5862328e+00
   4.5072536e+01  -5.3142176e+00
   4.5097549e+01  -6.8326419e+00
   4.5122561e+01  -6.0074332e+00
   4.5147574e+01  -6.0844540e+00
   4.5172586e+01  -5.9929049e+00
   4.5197599e+01  -6.4806101e+00
   4.5222611e+01  -6.0296598e+00
   4.5247624e+01  -6.2108326e+00
   4.5272636e+01  -6.2189755e+00
   4.5297649e+01  -6.8085355e+00
   4.5322661e+01  -6.9102921e+00
   4.5347674e+01  -7.5876492e+00
   4.5372686e+01  -7.5140139e+00
   4.5397699e+01  -6.3422069e+00
   4.5422711e+01  -6.0297404e+00
   4.5447724e+01  -7.4677819e+00
   4.5472736e+01  -6.1950169e+00
   4.5497749e+01  -6.6859428e+00
   4.5522761e+01  -7.3697322e+00
   4.5547774e+01  -5.6976927e+00
   4.5572786e+01  -5.9691392e+00
   4.5597799e+01  -6.2283417e+00
   4.5622811e+01  -6.4357958e+00
   4.5647824e+01  -6.9454137e+00
   4.5672836e+01  -5.5909408e+00
   4.5697849e+01  -6.8468719e+00
   4.5722861e+01  -5.7809830e+00
   4.5747874e+01  -6.2795926e+00
   4.5772886e+01  -5.7118614e+00
   4.5797899e+01  -5.2690444e+00
   4.5822911e+01  -5.3180231e+00
   4.5847924e+01  -5.6555128e+00
   4.5872936e+01  -5.8360035e+00
   4.5897949e+01  -5.6627293e+00
   4.5922961e+01  -4.4106833e+00
   4.5947974e+01  -4.2890001e+00
   4.5972986e+01  -5.2913544e+00
   4.5997999e+01  -4.8419649e+00
   4.6023012e+01  -3.9064841e+00
   4.6048024e+01  -4.4456846e+00
   4.6073037e+01  -4.8687077e+00
   4.6098049e+01  -4.1274738e+00
   4.6123062e+01  -3.9387832e+00
   4.6148074e+01  -3.8041956e+00
   4.6173087e+01  -3.7079741e+00
   4.6198099e+01  -3.8744254e+00
   4.6223112e+01  -4.0825295e+00
   4.6248124e+01  -3.6529985e+00
   4.6273137e+01  -4.0294688e+00
   4.6298149e+01  -4.2039010e+00
   4.6323162e+01  -3.3670771e+00
   4.6348174e+01  -4.0544314e+00
   4.6373187e+01  -3.9369837e+00
   4.6398199e+01  -3.7184474e+00
   4.6423212e+01  -4.2111212e+00
   4.6448224e+01  -3.2600326e+00
   4.6473237e+01  -3.8025210e+00
   4.6498249e+01  -3.3838942e+00
   4.6523262e+01  -3.1503037e+00
   4.6548274e+01  -3.7399257e+00
   4.6573287e+01  -4.0158228e+00
   4.6598299e+01  -3.6951798e+00
   4.6623312e+01  -3.9960908e+00
   4.6648324e+01  -3.3011747e+00
   4.6673337e+01  -3.7514565e+00
   4.6698349e+01  -3.2667256e+00
   4.6723362e+01  -3.3963905e+00
   4.6748374e+01  -3.1087333e+00
   4.6773387e+01  -3.8666077e+00
   4.6798399e+01  -4.1603270e+00
   4.6823412e+01  -3.9610767e+00
   4.6848424e+01  -3.9993251e+00
   4.6873437e+01  -3.7937523e+00
   4.6898449e+01  -3.5377369e+00
   4.6923462e+01  -3.5365621e+00
   4.6948474e+01  -3.6310298e+00
   4.6973487e+01  -4.4819693e+00
   4.6998499e+01  -3.6729480e+00
   4.7023512e+01  -4.1064523e+00
   4.7048524e+01  -3.7647633e+00
   4.7073537e+01  -4.1198229e+00
   4.7098549e+01  -3.8190962e+00
   4.7123562e+01  -4.1928053e+00
   4.7148574e+01  -4.8235961e+00
   4.7173587e+01  -4.9339869e+00
   4.7198599e+01  -5.1424230e+00
   4.7223612e+01  -4.7168093e+00
   4.7248624e+01  -5.1813018e+00
   4.7273637e+01  -5.0950800e+00
   4.7298649e+01  -4.1890879e+00
   4.7323662e+01  -4.3851828e+00
   4.7348674e+01  -4.5542389e+00
   4.7373687e+01  -4.6063910e+00
   4.7398699e+01  -4.5147724e+00
   4.7423712e+01  -4.6256293e+00
   4.7448724e+01  -4.6898937e+00
   4.7473737e+01  -5.7009677e+00
   4.7498749e+01  -4.7710728e+00
   4.7523762e+01  -4.6674655e+00
   4.7548774e+01  -4.7851073e+00
   4.7573787e+01  -4.5824705e+00
   4.7598799e+01  -5.1763481e+00
   4.7623812e+01  -4.5296430e+00
   4.7648824e+01  -4.1194153e+00
   4.7673837e+01  -4.7054065e+00
   4.7698849e+01  -4.2485545e+00
   4.7723862e+01  -4.1510383e+00
   4.7748874e+01  -3.6655449e+00
   4.7773887e+01  -4.5370462e+00
   4.7798899e+01  -3.9089211e+00
   4.7823912e+01  -3.3428294e+00
   4.7848924e+01  -4.1436881e+00
   4.7873937e+01  -3.3277030e+00
   4.7898949e+01  -3.5441638e+00
   4.7923962e+01  -3.4542803e+00
   4.7948974e+01  -2.8787887e+00
   4.7973987e+01  -3.4541992e+00
   4.7998999e+01  -3.0547113e+00
   4.8024012e+01  -2.8242187e+00
   4.8049025e+01  -2.9689681e+00
   4.8074037e+01  -2.6049614e+00
   4.8099050e+01  -2.1016316e+00
   4.8124062e+01  -2.3394612e+00
   4.8149075e+01  -2.4624768e+00
   4.8174087e+01  -2.3144146e+00
   4.8199100e+01  -2.1179622e+00
   4.8224112e+01  -1.6957797e+00
   4.8249125e+01  -2.0331661e+00
   4.8274137e+01  -1.8032425e+00
   4.8299150e+01  -1.8408509e+00
   4.8324162e+01  -1.8128667e+00
   4.8349175e+01  -1.7626750e+00
   4.8374187e+01  -1.3282675e+00
   4.8399200e+01  -1.6038815e+00
   4.8424212e+01  -1.4420104e+00
   4.8449225e+01  -1.1764288e+00
   4.8474237e+01  -1.1870228e+00
   4.8499250e+01  -1.0837411e+00
   4.8524262e+01  -1.1752192e+00
   4.8549275e+01  -1.1018700e+00
   4.8574287e+01  -8.9198438e-01
   4.8599300e+01  -1.1019107e+00
   4.8624312e+01  -8.3150214e-01
   4.8649325e+01  -7.9101658e-01
   4.8674337e+01  -7.3127577e-01
   4.8699350e+01  -6.2133127e-01
   4.8724362e+01  -6.7090245e-01
   4.8749375e+01  -5.6848853e-01
   4.8774387e+01  -5.4942998e-01
   4.8799400e+01  -5.9017000e-01
   4.8824412e+01  -5.4039632e-01
   4.8849425e+01  -3.9384866e-01
   4.8874437e+01  -4.2493772e-01
   4.8899450e+01  -3.7144093e-01
   4.8924462e+01  -3.9126928e-01
   4.8949475e+01  -3.5401961e-01
   4.8974487e+01  -3.1641442e-01
   4.8999500e+01  -3.3414833e-01
   4.9024512e+01  -3.6860785e-01
   4.9049525e+01  -3.5753337e-01
   4.9074537e+01  -3.0929957e-01
   4.9099550e+01  -3.1161987e-01
   4.9124562e+01  -3.4231997e-01
   4.9149575e+01  -4.0527263e-01
   4.9174587e+01  -3.9524059e-01
   4.9199600e+01  -3.9729484e-01
   4.9224612e+01  -3.4514319e-01
   4.9249625e+01  -3.3894227e-01
   4.9274637e+01  -4.2759369e-01
   4.9299650e+01  -3.6575092e-01
   4.9324662e+01  -3.5692785e-01
   4.9349675e+01  -3.2997815e-01
   4.9374687e+01  -3.0233918e-01
   4.9399700e+01  -2.4072749e-01
   4.9424712e+01  -1.8917889e-01
   4.9449725e+01  -1.5952274e-01
   4.9474737e+01  -7.6501622e-02
   4.9499750e+01   1.7909500e-02
   4.9524762e+01   1.0953383e-01
   4.9549775e+01   2.2865082e-01
   4.9574787e+01   3.5813351e-01
   4.9599800e+01   5.2584310e-01
   4.9624812e+01   5.3393119e-01
   4.9649825e+01   7.6661913e-01
   4.9674837e+01   8.9487494e-01
   4.9699850e+01   1.1166154e+00
   4.9724862e+01   1.2713963e+00
   4.9749875e+01   1.3080754e+00
   4.9774887e+01   1.4149966e+00
   4.9799900e+01   1.5257522e+00
   4.9824912e+01   1.7127674e+00
   4.9849925e+01   2.0447477e+00
   4.9874937e+01   2.5417227e+00
   4.9899950e+01   2.4042780e+00
   4.9924962e+01   2.8079020e+00
   4.9949975e+01   3.3160547e+00
   4.9974987e+01   3.1989563e+00
   5.0000000e+01   3.2707476e+00
