   0.0000000e+00   6.2944737e+00
   5.0251256e-02   8.1658438e+00
   1.0050251e-01  -7.3607205e+00
   1.5075377e-01   8.4161695e+00
   2.0100503e-01   2.8445557e+00
   2.5125628e-01  -7.8034555e+00
   3.0150754e-01  -4.1362483e+00
   3.5175879e-01   1.2791920e+00
   4.0201005e-01   9.5392340e+00
   4.5226131e-01   9.7342033e+00
   5.0251256e-01  -6.3641330e+00
   5.5276382e-01   9.9425095e+00
   6.0301508e-01   9.7209550e+00
   6.5326633e-01   3.3204291e-01
   7.0351759e-01   6.6770431e+00
   7.5376884e-01  -6.4439078e+00
   8.0402010e-01  -7.9941121e-01
   8.5427136e-01   9.1271754e+00
   9.0452261e-01   6.7038554e+00
   9.5477387e-01   1.0096981e+01
   1.0050251e+00   4.0695891e+00
   1.0552764e+00  -8.2830926e+00
   1.1055276e+00   8.0334529e+00
   1.1557789e+00   9.7792573e+00
   1.2060302e+00   4.7229914e+00
   1.2562814e+00   6.3523956e+00
   1.3065327e+00   6.1099936e+00
   1.3567839e+00  -8.5787931e-01
   1.4070352e+00   4.4578969e+00
   1.4572864e+00  -5.1766074e+00
   1.5075377e+00   5.5724992e+00
   1.5577889e+00  -7.8592099e+00
   1.6080402e+00  -2.9041765e+00
   1.6582915e+00  -7.4652645e+00
   1.7085427e+00  -6.3913616e+00
   1.7587940e+00   8.1906437e+00
   1.8090452e+00   5.6743713e+00
   1.8592965e+00  -1.8230344e+00
   1.9095477e+00   1.0897498e+01
   1.9597990e+00  -7.3589996e+00
   2.0100503e+00   7.8696775e-01
   2.0603015e+00  -2.9573083e-01
   2.1105528e+00   7.4455110e+00
   2.1608040e+00   8.1023423e+00
   2.2110553e+00  -3.9999026e+00
   2.2613065e+00   2.1234041e+00
   2.3115578e+00   1.3065191e+00
   2.3618090e+00   5.3889804e+00
   2.4120603e+00   6.7192260e+00
   2.4623116e+00   7.6961944e+00
   2.5125628e+00  -1.8051459e+00
   2.5628141e+00   6.3416962e+00
   2.6130653e+00   5.9243293e+00
   2.6633166e+00  -3.8491950e+00
   2.7135678e+00  -4.6437625e+00
   2.7638191e+00   3.0228292e+00
   2.8140704e+00   1.2331280e+01
   2.8643216e+00   2.6595484e-02
   2.9145729e+00   5.0083806e+00
   2.9648241e+00  -2.1348881e+00
   3.0150754e+00   8.5018028e+00
   3.0653266e+00  -1.3322685e+00
   3.1155779e+00   3.7761549e+00
   3.1658291e+00   7.7315882e+00
   3.2160804e+00   1.1663052e+01
   3.2663317e+00   1.3127680e+01
   3.3165829e+00   4.9849958e+00
   3.3668342e+00  -3.0859846e+00
   3.4170854e+00  -2.7697065e+00
   3.4673367e+00  -5.0045107e-01
   3.5175879e+00   1.1270821e+01
   3.5678392e+00  -3.4862861e-01
   3.6180905e+00   1.0962874e+01
   3.6683417e+00  -3.3863765e-01
   3.7185930e+00   1.3492095e+01
   3.7688442e+00   2.0247692e+00
   3.8190955e+00  -9.2237955e-01
   3.8693467e+00   2.9040229e-01
   3.9195980e+00   7.7150546e+00
   3.9698492e+00   4.9878382e+00
   4.0201005e+00   2.6856539e+00
   4.0703518e+00   1.2401979e+01
   4.1206030e+00   7.6262099e+00
   4.1708543e+00   7.0535382e+00
   4.2211055e+00   1.4543732e+01
   4.2713568e+00   2.0601243e+00
   4.3216080e+00   1.1633565e+01
   4.3718593e+00   1.1713127e+01
   4.4221106e+00   4.3992536e+00
   4.4723618e+00   8.3014062e+00
   4.5226131e+00  -1.3804211e+00
   4.5728643e+00  -1.6580637e+00
   4.6231156e+00   8.0422850e+00
   4.6733668e+00   1.3176076e+01
   4.7236181e+00   1.6442377e+01
   4.7738693e+00   5.3279386e-01
   4.8241206e+00   9.4867603e+00
   4.8743719e+00   7.6768667e+00
   4.9246231e+00  -1.2909503e+00
   4.9748744e+00   5.3986413e+00
   5.0251256e+00   2.0882784e+00
   5.0753769e+00   1.4922069e+01
   5.1256281e+00   5.4557641e+00
   5.1758794e+00   1.0000589e+01
   5.2261307e+00   2.9447805e+00
   5.2763819e+00   1.1876778e+01
   5.3266332e+00   5.3053905e+00
   5.3768844e+00   1.3339902e+01
   5.4271357e+00   1.4258534e+01
   5.4773869e+00   1.5656807e+01
   5.5276382e+00   9.9277813e+00
   5.5778894e+00   2.8202340e+00
   5.6281407e+00   5.9539235e+00
   5.6783920e+00   1.9875468e+01
   5.7286432e+00   4.8944136e+00
   5.7788945e+00   1.8605160e+01
   5.8291457e+00   1.3101510e+01
   5.8793970e+00   2.2507107e+01
   5.9296482e+00   4.4016235e+00
   5.9798995e+00   1.1949366e+01
   6.0301508e+00   5.4905679e+00
   6.0804020e+00   2.2861250e+01
   6.1306533e+00   3.9858492e+00
   6.1809045e+00   1.9665390e+01
   6.2311558e+00   2.0791438e+01
   6.2814070e+00   2.2101677e+01
   6.3316583e+00   6.7031619e+00
   6.3819095e+00   1.3301052e+01
   6.4321608e+00   1.0798090e+01
   6.4824121e+00   2.1901703e+01
   6.5326633e+00   1.4832667e+01
   6.5829146e+00   2.4725843e+01
   6.6331658e+00   1.0462814e+01
   6.6834171e+00   1.2419434e+01
   6.7336683e+00   1.0376216e+01
   6.7839196e+00   1.0513464e+01
   6.8341709e+00   2.5509228e+01
   6.8844221e+00   2.0053439e+01
   6.9346734e+00   1.9797224e+01
   6.9849246e+00   1.2044538e+01
   7.0351759e+00   2.6556272e+01
   7.0854271e+00   2.2291785e+01
   7.1356784e+00   1.7229626e+01
   7.1859296e+00   2.0840365e+01
   7.2361809e+00   1.8981269e+01
   7.2864322e+00   1.2839154e+01
   7.3366834e+00   1.6497869e+01
   7.3869347e+00   1.4550704e+01
   7.4371859e+00   1.6152351e+01
   7.4874372e+00   1.7668245e+01
   7.5376884e+00   2.1614702e+01
   7.5879397e+00   1.4667821e+01
   7.6381910e+00   3.2139669e+01
   7.6884422e+00   3.3396987e+01
   7.7386935e+00   2.4739740e+01
   7.7889447e+00   2.5134084e+01
   7.8391960e+00   2.2535388e+01
   7.8894472e+00   3.4219479e+01
   7.9396985e+00   2.4046211e+01
   7.9899497e+00   1.9333714e+01
   8.0402010e+00   3.3168631e+01
   8.0904523e+00   2.5817884e+01
   8.1407035e+00   2.3322074e+01
   8.1909548e+00   2.7037294e+01
   8.2412060e+00   2.1364645e+01
   8.2914573e+00   2.2557261e+01
   8.3417085e+00   3.9246825e+01
   8.3919598e+00   4.0022336e+01
   8.4422111e+00   3.2903501e+01
   8.4924623e+00   2.3100494e+01
   8.5427136e+00   2.7112005e+01
   8.5929648e+00   2.9997047e+01
   8.6432161e+00   3.9881231e+01
   8.6934673e+00   2.4294936e+01
   8.7437186e+00   2.5382941e+01
   8.7939698e+00   2.8443982e+01
   8.8442211e+00   3.8594364e+01
   8.8944724e+00   4.0800570e+01
   8.9447236e+00   3.9681343e+01
   8.9949749e+00   3.6311471e+01
   9.0452261e+00   3.8806056e+01
   9.0954774e+00   3.4371523e+01
   9.1457286e+00   4.3924577e+01
   9.1959799e+00   3.3401859e+01
   9.2462312e+00   4.3956766e+01
   9.2964824e+00   3.4496479e+01
   9.3467337e+00   3.8807484e+01
   9.3969849e+00   4.4568275e+01
   9.4472362e+00   4.8285177e+01
   9.4974874e+00   3.4934521e+01
   9.5477387e+00   5.2537792e+01
   9.5979899e+00   5.0109121e+01
   9.6482412e+00   4.4982261e+01
   9.6984925e+00   4.4621965e+01
   9.7487437e+00   4.5505676e+01
   9.7989950e+00   4.3369077e+01
   9.8492462e+00   4.8091266e+01
   9.8994975e+00   4.8822486e+01
   9.9497487e+00   5.5652565e+01
   1.0000000e+01   5.5896628e+01
